         y    <dsig|+1,0>         err[1]    <dsig|+2,0>         err[2]      <ALL|0,0>         err[3]     <ALL|+1,0>         err[4]   <dsig|0,+1>          err[5]   <dsig|+1,-1>         err[6]    dsig|+1,+1>         err[7]  <dsig|+2,+1>          err[8]  <dsig|+2,-1>          err[9]     <ALL|0,+1>        err[10]    <ALL|+1,-1>        err[11]    <ALL|+1,+1>        err[12]        time[s]     neval      fail
         0            nan            nan            nan            nan            nan            nan            nan            nan            nan            nan            nan            nan            nan            nan            nan            nan            nan            nan            nan            nan            nan            nan            nan            nan      0.0288376    100000         0
      0.01            nan            nan            nan            nan            nan            nan            nan            nan            nan            nan            nan            nan            nan            nan            nan            nan            nan            nan            nan            nan            nan            nan            nan            nan      0.0299366    100000         0
      0.02            nan            nan            nan            nan            nan            nan            nan            nan            nan            nan            nan            nan            nan            nan            nan            nan            nan            nan            nan            nan            nan            nan            nan            nan      0.0298092    100000         0
      0.03            nan            nan            nan            nan            nan            nan            nan            nan            nan            nan            nan            nan            nan            nan            nan            nan            nan            nan            nan            nan            nan            nan            nan            nan      0.0310911    100000         0
      0.04            nan            nan            nan            nan            nan            nan            nan            nan            nan            nan            nan            nan            nan            nan            nan            nan            nan            nan            nan            nan            nan            nan            nan            nan      0.0308395    100000         0
      0.05            nan            nan            nan            nan            nan            nan            nan            nan            nan            nan            nan            nan            nan            nan            nan            nan            nan            nan            nan            nan            nan            nan            nan            nan      0.0306678    100000         0
      0.06            nan            nan            nan            nan            nan            nan            nan            nan            nan            nan            nan            nan            nan            nan            nan            nan            nan            nan            nan            nan            nan            nan            nan            nan      0.0305744    100000         0
      0.07            nan            nan            nan            nan            nan            nan            nan            nan            nan            nan            nan            nan            nan            nan            nan            nan            nan            nan            nan            nan            nan            nan            nan            nan       0.030038    100000         0
      0.08       0.219559    0.000110751       0.108412    9.58598e-05     -0.0195493    1.67582e-05    -0.00282931    1.58346e-06      0.0573629    3.40438e-05     -0.0716517    3.99041e-05      0.0716517    3.99041e-05      0.0204199    1.37656e-05      0.0204199    1.37656e-05     -0.0022858    1.41097e-06    0.000821641      3.397e-07   -0.000821641      3.397e-07       0.355298   1000000         1
      0.09       0.222088    0.000139196       0.129424    0.000131781     -0.0205373    1.91865e-05    -0.00349603    2.30698e-06      0.0378105       4.33e-05     -0.0696468    4.86006e-05      0.0696468    4.86006e-05      0.0250752    2.03472e-05      0.0250752    2.03472e-05    -0.00230426    1.66324e-06    0.000994077     5.5144e-07   -0.000994077     5.5144e-07       0.357343   1000000         1
       0.1        0.21803    0.000165023       0.139545    0.000158063     -0.0215771    2.18491e-05    -0.00402605    3.13348e-06      0.0277844     4.9563e-05     -0.0664518    5.65478e-05      0.0664518    5.65478e-05      0.0276922    2.58425e-05      0.0276922    2.58425e-05    -0.00233918    1.92687e-06     0.00112571    7.85093e-07    -0.00112571    7.85093e-07       0.365224   1000000         1
      0.11          0.213    0.000176812       0.144711    0.000173114     -0.0226459    2.41062e-05    -0.00447785    3.82893e-06       0.022222    5.24733e-05     -0.0636034    6.00874e-05      0.0636034    6.00874e-05      0.0292913    2.92684e-05      0.0292913    2.92684e-05    -0.00238325    2.10699e-06     0.00123433    9.62967e-07    -0.00123433    9.62967e-07       0.417142   1000000         1
      0.12       0.208163    0.000221804       0.147349    0.000209897     -0.0237009     2.9935e-05    -0.00488551    5.47568e-06      0.0188698    5.87361e-05     -0.0611961    7.27228e-05      0.0611961    7.27228e-05      0.0303546    3.82827e-05      0.0303546    3.82827e-05    -0.00242996     2.6416e-06     0.00133036    1.38913e-06    -0.00133036    1.38913e-06       0.431999   1000000         1
      0.13        0.20387    0.000189382       0.148761    0.000188088     -0.0247366    2.82974e-05    -0.00525048    5.12365e-06      0.0167953    5.51779e-05     -0.0592427    6.29579e-05      0.0592427    6.29579e-05      0.0310722    3.34438e-05      0.0310722    3.34438e-05    -0.00247815    2.40229e-06     0.00141474    1.27318e-06    -0.00141474    1.27318e-06       0.429378   1000000         1
      0.14       0.200185    0.000220254       0.149277    0.000221104      -0.025743    3.28272e-05    -0.00558335    6.64464e-06       0.015519    6.05949e-05      -0.057653    7.15551e-05       0.057653    7.15551e-05      0.0315622     4.0815e-05      0.0315622     4.0815e-05    -0.00252638    2.81582e-06     0.00149063    1.66204e-06    -0.00149063    1.66204e-06       0.421497   1000000         1
      0.15       0.196964    0.000219101       0.149282     0.00022142     -0.0267381    3.48695e-05      -0.005896    7.22779e-06      0.0147243    6.07753e-05     -0.0563136    7.11529e-05      0.0563136    7.11529e-05      0.0319087    4.14964e-05      0.0319087    4.14964e-05    -0.00257515    2.92855e-06     0.00156115    1.79261e-06    -0.00156115    1.79261e-06       0.424189   1000000         1
      0.16       0.194168    0.000233443       0.148998    0.000224777      -0.027713    3.82858e-05    -0.00618716    8.14226e-06      0.0142576    5.95965e-05     -0.0551871    7.56308e-05      0.0551871    7.56308e-05      0.0321485    4.31855e-05      0.0321485    4.31855e-05    -0.00262342     3.2116e-06     0.00162651     2.0244e-06    -0.00162651     2.0244e-06       0.421835   1000000         1
      0.17       0.191747    0.000227226       0.148517    0.000218297     -0.0286664    3.89313e-05    -0.00646364    8.43952e-06      0.0139869    5.94144e-05     -0.0542375    7.27529e-05      0.0542375    7.27529e-05      0.0323182    4.23564e-05      0.0323182    4.23564e-05    -0.00267154    3.19315e-06     0.00168767    2.06355e-06    -0.00168767    2.06355e-06       0.427921   1000000         1
      0.18       0.189584    0.000228403       0.147905     0.00022072     -0.0295895    4.03491e-05    -0.00672052    8.97105e-06      0.0138849    5.98754e-05      -0.053402     7.3269e-05       0.053402     7.3269e-05      0.0324227    4.26931e-05      0.0324227    4.26931e-05    -0.00271824    3.29436e-06     0.00174438    2.19151e-06    -0.00174438    2.19151e-06       0.422998   1000000         1
      0.19       0.187699    0.000232374       0.147228    0.000223366     -0.0305036    4.22117e-05    -0.00696416    9.64628e-06      0.0138922    6.00759e-05     -0.0526996     7.4264e-05      0.0526996     7.4264e-05      0.0324852    4.37474e-05      0.0324852    4.37474e-05    -0.00276506     3.4277e-06     0.00179785    2.35816e-06    -0.00179785    2.35816e-06       0.526494   1000000         1
       0.2       0.186047    0.000236202       0.146491    0.000225463     -0.0314098    4.38664e-05    -0.00719573    1.02365e-05      0.0139727    6.05768e-05     -0.0520952    7.49715e-05      0.0520952    7.49715e-05      0.0325142    4.48055e-05      0.0325142    4.48055e-05    -0.00281237    3.51221e-06     0.00184822    2.47349e-06    -0.00184822    2.47349e-06       0.556859   1000000         1
      0.21       0.184565     0.00024797       0.145693    0.000234926     -0.0323019    4.74361e-05    -0.00741446    1.14135e-05      0.0141342    6.12548e-05      -0.051539    7.80658e-05       0.051539    7.80658e-05      0.0325093    4.76421e-05      0.0325093    4.76421e-05    -0.00285878    3.81382e-06     0.00189572    2.75308e-06    -0.00189572    2.75308e-06       0.374369   1000000         1
      0.22       0.183191    0.000242984       0.144909     0.00023077     -0.0331724    4.74541e-05    -0.00762392    1.15301e-05      0.0143224    6.10637e-05     -0.0510419    7.65275e-05      0.0510419    7.65275e-05      0.0324899    4.67438e-05      0.0324899    4.67438e-05    -0.00290438    3.77277e-06     0.00194108    2.76625e-06    -0.00194108    2.76625e-06       0.358115   1000000         1
      0.23       0.181904    0.000241796       0.144097    0.000228436     -0.0340302    4.84374e-05    -0.00782576    1.17644e-05      0.0145482    6.10004e-05     -0.0505878    7.57576e-05      0.0505878    7.57576e-05      0.0324505    4.62233e-05      0.0324505    4.62233e-05    -0.00294965    3.79597e-06     0.00198464    2.81127e-06    -0.00198464    2.81127e-06       0.366549   1000000         1
      0.24       0.180715    0.000242904       0.143273    0.000228609     -0.0348746     4.9857e-05    -0.00801862     1.2084e-05      0.0148165    6.10469e-05     -0.0501663    7.59716e-05      0.0501663    7.59716e-05      0.0323938    4.63272e-05      0.0323938    4.63272e-05    -0.00299391    3.88447e-06     0.00202621    2.88078e-06    -0.00202621    2.88078e-06       0.357997   1000000         1
      0.25       0.179616    0.000245873       0.142442      0.0002303     -0.0357156    5.15414e-05    -0.00820463    1.25728e-05      0.0151044    6.13412e-05     -0.0497798    7.65719e-05      0.0497798    7.65719e-05      0.0323256    4.68906e-05      0.0323256    4.68906e-05    -0.00303864    3.99812e-06      0.0020661    2.98913e-06     -0.0020661    2.98913e-06       0.359249   1000000         1
      0.26       0.178581    0.000248402       0.141594    0.000230293     -0.0365448    5.33139e-05    -0.00838428    1.28852e-05      0.0154264    6.16752e-05     -0.0494189    7.74461e-05      0.0494189    7.74461e-05      0.0322421    4.67196e-05      0.0322421    4.67196e-05     -0.0030826    4.11718e-06     0.00210464    3.05397e-06    -0.00210464    3.05397e-06       0.351756   1000000         1
      0.27       0.177597    0.000252171       0.140763    0.000233327     -0.0373679    5.52075e-05    -0.00855523    1.35685e-05      0.0157596    6.21179e-05     -0.0490893    7.83592e-05      0.0490893    7.83592e-05      0.0321522    4.78435e-05      0.0321522    4.78435e-05    -0.00312678    4.24928e-06     0.00214123    3.21316e-06    -0.00214123    3.21316e-06       0.467429   1000000         1
      0.28       0.176649    0.000250461         0.1399    0.000230716     -0.0381831    5.61432e-05    -0.00872476    1.37282e-05      0.0161202    6.17204e-05     -0.0487593    7.75164e-05      0.0487593    7.75164e-05        0.03205    4.71436e-05        0.03205    4.71436e-05    -0.00316999    4.29813e-06     0.00217743    3.23502e-06    -0.00217743    3.23502e-06       0.360521   1000000         1
      0.29       0.175761    0.000253557       0.139029    0.000232162     -0.0389956    5.79162e-05    -0.00888454    1.42223e-05      0.0164961    6.22662e-05     -0.0484491    7.83552e-05      0.0484491    7.83552e-05       0.031939    4.76534e-05       0.031939    4.76534e-05    -0.00321377    4.42044e-06     0.00221148    3.34963e-06    -0.00221148    3.34963e-06       0.352909   1000000         1
       0.3       0.174854    0.000254269       0.138175    0.000232739     -0.0397902     5.9586e-05    -0.00904056    1.43609e-05      0.0168893    6.22213e-05     -0.0481559    7.86851e-05      0.0481559    7.86851e-05       0.031821    4.76896e-05       0.031821    4.76896e-05    -0.00325626    4.51883e-06      0.0022447    3.37235e-06     -0.0022447    3.37235e-06       0.350447   1000000         1
      0.31       0.173991    0.000254913       0.137303    0.000232112     -0.0405822    6.07057e-05    -0.00919011    1.49333e-05       0.017301    6.22847e-05     -0.0478719    7.83516e-05      0.0478719    7.83516e-05      0.0316941    4.78765e-05      0.0316941    4.78765e-05    -0.00329887    4.59567e-06     0.00227651    3.49861e-06    -0.00227651    3.49861e-06       0.356641   1000000         1
      0.32        0.17317    0.000258326        0.13641    0.000232224     -0.0413776    6.28012e-05    -0.00933788    1.51133e-05      0.0177302    6.31661e-05     -0.0475939    7.91639e-05      0.0475939    7.91639e-05      0.0315613    4.80185e-05      0.0315613    4.80185e-05    -0.00334188    4.73657e-06     0.00230782    3.53689e-06    -0.00230782    3.53689e-06       0.368023   1000000         1
      0.33       0.172314    0.000257366       0.135529    0.000231284     -0.0421538    6.39796e-05    -0.00947656    1.53258e-05      0.0181759    6.28322e-05     -0.0473286    7.86314e-05      0.0473286    7.86314e-05      0.0314188    4.79116e-05      0.0314188    4.79116e-05    -0.00338379    4.79919e-06     0.00233723    3.58056e-06    -0.00233723    3.58056e-06       0.352206   1000000         1
      0.34       0.171483     0.00025845       0.134625    0.000232002     -0.0429338     6.5411e-05    -0.00961487    1.57185e-05      0.0186354    6.29811e-05      -0.047056    7.89645e-05       0.047056    7.89645e-05      0.0312718    4.81134e-05      0.0312718    4.81134e-05     -0.0034258    4.89481e-06     0.00236657    3.66535e-06    -0.00236657    3.66535e-06       0.345742   1000000         1
      0.35       0.170665    0.000259544       0.133701    0.000232382     -0.0437102    6.70442e-05      -0.009748    1.59181e-05      0.0191179    6.32169e-05     -0.0467932    7.92767e-05      0.0467932    7.92767e-05      0.0311161    4.82264e-05      0.0311161    4.82264e-05     -0.0034679    4.99059e-06     0.00239469    3.70815e-06    -0.00239469    3.70815e-06       0.343664   1000000         1
      0.36       0.169841    0.000261359       0.132771    0.000233119      -0.044479    6.84838e-05    -0.00987701    1.63786e-05      0.0196152    6.35668e-05     -0.0465328     7.9902e-05      0.0465328     7.9902e-05      0.0309544    4.84616e-05      0.0309544    4.84616e-05    -0.00350972    5.09126e-06     0.00242191    3.80883e-06    -0.00242191    3.80883e-06         0.3717   1000000         1
      0.37        0.16901    0.000261464       0.131825    0.000233003     -0.0452437    6.98571e-05     -0.0100018    1.67423e-05      0.0201282    6.34469e-05     -0.0462699    7.97686e-05      0.0462699    7.97686e-05      0.0307859    4.85199e-05      0.0307859    4.85199e-05    -0.00355125    5.17669e-06     0.00244823    3.88878e-06    -0.00244823    3.88878e-06       0.394002   1000000         1
      0.38        0.16816     0.00026106       0.130867    0.000230856     -0.0459984    7.10747e-05     -0.0101226    1.69108e-05      0.0206597    6.36242e-05     -0.0460099     7.9267e-05      0.0460099     7.9267e-05      0.0306096    4.82227e-05      0.0306096    4.82227e-05    -0.00359207    5.24878e-06     0.00247364    3.92377e-06    -0.00247364    3.92377e-06        0.35912   1000000         1
      0.39       0.167328    0.000263435       0.129884    0.000231731     -0.0467604    7.29631e-05     -0.0102392     1.7236e-05      0.0212149    6.42998e-05     -0.0457499    8.00758e-05      0.0457499    8.00758e-05       0.030426    4.84499e-05       0.030426    4.84499e-05    -0.00363349    5.37397e-06     0.00249817     3.9957e-06    -0.00249817     3.9957e-06       0.345853   1000000         1
       0.4       0.166474    0.000265517       0.128887    0.000232688     -0.0475064    7.45355e-05      -0.010355    1.77215e-05      0.0217862    6.47819e-05     -0.0454862    8.06737e-05      0.0454862    8.06737e-05      0.0302374    4.87418e-05      0.0302374    4.87418e-05    -0.00367392    5.48942e-06      0.0025225    4.10213e-06     -0.0025225    4.10213e-06       0.342815   1000000         1
      0.41       0.165608    0.000263558       0.127865    0.000228968     -0.0482616    7.59561e-05     -0.0104637    1.76252e-05       0.022376    6.48744e-05     -0.0452185    7.95884e-05      0.0452185    7.95884e-05      0.0300387    4.81082e-05      0.0300387    4.81082e-05    -0.00371479    5.54962e-06     0.00254529    4.07622e-06    -0.00254529    4.07622e-06       0.344014   1000000         1
      0.42       0.164725    0.000261813       0.126833    0.000227243     -0.0490016     7.6829e-05     -0.0105698    1.78111e-05      0.0229878    6.45048e-05     -0.0449563    7.89217e-05      0.0449563    7.89217e-05      0.0298344     4.7794e-05      0.0298344     4.7794e-05    -0.00375486    5.59299e-06     0.00256749    4.11339e-06    -0.00256749    4.11339e-06       0.342376   1000000         1
      0.43       0.163834    0.000262714       0.125774    0.000227508     -0.0497493     7.8113e-05     -0.0106728    1.83637e-05      0.0236168    6.46865e-05     -0.0446902    7.90559e-05      0.0446902    7.90559e-05      0.0296226    4.79628e-05      0.0296226    4.79628e-05    -0.00379584    5.69777e-06     0.00258887    4.23374e-06    -0.00258887    4.23374e-06       0.341109   1000000         1
      0.44       0.162917    0.000262181       0.124692    0.000225679      -0.050483    7.97447e-05     -0.0107721    1.83905e-05      0.0242707    6.51258e-05      -0.044415    7.87597e-05       0.044415    7.87597e-05      0.0294032    4.76628e-05      0.0294032    4.76628e-05    -0.00383525    5.76905e-06     0.00260958    4.23427e-06    -0.00260958    4.23427e-06       0.343831   1000000         1
      0.45       0.161978    0.000263672       0.123585    0.000225877     -0.0512148    8.16132e-05      -0.010869    1.87207e-05      0.0249438    6.57194e-05     -0.0441349    7.90814e-05      0.0441349    7.90814e-05      0.0291764    4.77806e-05      0.0291764    4.77806e-05    -0.00387479    5.88848e-06     0.00262973    4.30761e-06    -0.00262973    4.30761e-06       0.354286   1000000         1
      0.46        0.16103    0.000264089       0.122457     0.00022466      -0.051953    8.30854e-05     -0.0109596    1.89308e-05      0.0256374      6.646e-05      -0.043854    7.92641e-05       0.043854    7.92641e-05      0.0289416    4.75624e-05      0.0289416    4.75624e-05      -0.003915    5.98036e-06     0.00264846    4.35202e-06    -0.00264846    4.35202e-06       0.351184   1000000         1
      0.47       0.160059    0.000262458       0.121304    0.000222836     -0.0526799    8.40319e-05     -0.0110476    1.91239e-05      0.0263567    6.62959e-05     -0.0435737    7.86729e-05      0.0435737    7.86729e-05       0.028699    4.72381e-05       0.028699    4.72381e-05    -0.00395458     6.0307e-06     0.00266658    4.39036e-06    -0.00266658    4.39036e-06       0.348212   1000000         1
      0.48       0.159067    0.000261998        0.12011    0.000221648     -0.0534072    8.55017e-05     -0.0111325    1.93651e-05      0.0270997    6.65472e-05     -0.0432795     7.8419e-05      0.0432795     7.8419e-05      0.0284475    4.70422e-05      0.0284475    4.70422e-05    -0.00399397    6.11804e-06     0.00268396    4.44121e-06    -0.00268396    4.44121e-06       0.345757   1000000         1
      0.49       0.158061    0.000263916       0.118884     0.00022189     -0.0541378    8.75425e-05     -0.0112148    1.96786e-05      0.0278663    6.76984e-05      -0.042979      7.918e-05       0.042979      7.918e-05      0.0281885    4.71017e-05      0.0281885    4.71017e-05    -0.00403377    6.24901e-06     0.00270074    4.50965e-06    -0.00270074    4.50965e-06       0.343981   1000000         1
       0.5          0.157    0.000263187       0.117646    0.000220335     -0.0548505    8.88884e-05     -0.0112905    1.98316e-05       0.028655    6.81928e-05     -0.0426764    7.89859e-05      0.0426764    7.89859e-05        0.02792    4.67855e-05        0.02792    4.67855e-05    -0.00407239    6.32429e-06     0.00271609    4.54167e-06    -0.00271609    4.54167e-06       0.348233   1000000         1
      0.51       0.155937    0.000261261       0.116372    0.000217194     -0.0555725    8.98686e-05     -0.0113634    1.99594e-05      0.0294691    6.83822e-05     -0.0423649    7.81436e-05      0.0423649    7.81436e-05       0.027644    4.62321e-05       0.027644    4.62321e-05    -0.00411154    6.37724e-06     0.00273078    4.56554e-06    -0.00273078    4.56554e-06       0.343272   1000000         1
      0.52       0.154817    0.000261818       0.115075    0.000215915     -0.0562785    9.18154e-05     -0.0114321     2.0237e-05      0.0303081    6.93145e-05     -0.0420499      7.813e-05      0.0420499      7.813e-05      0.0273587     4.6073e-05      0.0273587     4.6073e-05     -0.0041494    6.50229e-06     0.00274456    4.62434e-06    -0.00274456    4.62434e-06       0.348648   1000000         1
      0.53       0.153684    0.000260241       0.113728    0.000214644      -0.056984    9.29295e-05     -0.0114979     2.0387e-05      0.0311771    6.94698e-05     -0.0417222    7.78835e-05      0.0417222    7.78835e-05      0.0270636    4.57447e-05      0.0270636    4.57447e-05    -0.00418729    6.56593e-06     0.00275766    4.65498e-06    -0.00275766    4.65498e-06       0.455406   1000000         1
      0.54       0.152512    0.000257126        0.11236     0.00021096     -0.0576834     9.3645e-05     -0.0115583    2.04191e-05        0.03207    6.92345e-05     -0.0413917    7.66123e-05      0.0413917    7.66123e-05      0.0267598    4.50514e-05      0.0267598    4.50514e-05    -0.00422482    6.59656e-06     0.00276953    4.65737e-06    -0.00276953    4.65737e-06       0.349007   1000000         1
      0.55       0.151317    0.000257662       0.110956    0.000210038     -0.0583842    9.55958e-05     -0.0116138    2.06865e-05      0.0329905    7.04676e-05     -0.0410508    7.68393e-05      0.0410508    7.68393e-05      0.0264468    4.48823e-05      0.0264468    4.48823e-05    -0.00426248    6.72197e-06      0.0027803    4.71588e-06     -0.0027803    4.71588e-06       0.342017   1000000         1
      0.56       0.150067    0.000255372       0.109521    0.000207087     -0.0590707    9.66342e-05     -0.0116664    2.07807e-05      0.0339359    7.06859e-05     -0.0406994    7.59616e-05      0.0406994    7.59616e-05      0.0261246    4.43188e-05      0.0261246    4.43188e-05    -0.00429904    6.77915e-06     0.00279041    4.73301e-06    -0.00279041    4.73301e-06        0.34183   1000000         1
      0.57       0.148801    0.000255624       0.108037    0.000206281     -0.0597607     9.8557e-05     -0.0117148    2.10072e-05      0.0349112    7.19452e-05     -0.0403356    7.61374e-05      0.0403356    7.61374e-05      0.0257922    4.41459e-05      0.0257922    4.41459e-05    -0.00433572    6.89952e-06     0.00279957    4.78282e-06    -0.00279957    4.78282e-06        0.34369   1000000         1
      0.58       0.147499    0.000254863       0.106518    0.000203975     -0.0604521    0.000100132     -0.0117586    2.11549e-05      0.0359153    7.31671e-05     -0.0399666    7.59241e-05      0.0399666    7.59241e-05      0.0254499    4.36936e-05      0.0254499    4.36936e-05     -0.0043728    6.99236e-06     0.00280759    4.81238e-06    -0.00280759    4.81238e-06       0.342645   1000000         1
      0.59       0.146148    0.000252651       0.104973    0.000200969      -0.061131    0.000101103      -0.011796    2.12177e-05      0.0369482    7.37667e-05     -0.0395903    7.52161e-05      0.0395903    7.52161e-05      0.0250978    4.30744e-05      0.0250978    4.30744e-05    -0.00440934    7.04059e-06     0.00281422    4.82297e-06    -0.00281422    4.82297e-06       0.340803   1000000         1
       0.6       0.144768     0.00025172       0.103386    0.000198963     -0.0618059    0.000102838     -0.0118279    2.13891e-05      0.0380121    7.46974e-05     -0.0392038    7.47591e-05      0.0392038    7.47591e-05      0.0247354    4.27148e-05      0.0247354    4.27148e-05    -0.00444526    7.14346e-06     0.00281959     4.8594e-06    -0.00281959     4.8594e-06       0.343498   1000000         1
      0.61        0.14334    0.000248142       0.101754    0.000195728     -0.0624719     0.00010345     -0.0118556    2.13905e-05      0.0391074    7.48189e-05     -0.0388047    7.38335e-05      0.0388047    7.38335e-05      0.0243616    4.19832e-05      0.0243616    4.19832e-05    -0.00448035    7.16398e-06       0.002824    4.85447e-06      -0.002824    4.85447e-06       0.343564   1000000         1
      0.62       0.141874    0.000245881       0.100083    0.000192571     -0.0631314     0.00010455     -0.0118777    2.14277e-05      0.0402337    7.57497e-05     -0.0383969    7.31503e-05      0.0383969    7.31503e-05      0.0239776    4.13247e-05      0.0239776    4.13247e-05    -0.00451505    7.22373e-06     0.00282714    4.85968e-06    -0.00282714    4.85968e-06       0.343345   1000000         1
      0.63       0.140364    0.000245185      0.0983646    0.000189694     -0.0637934    0.000106255     -0.0118933    2.15213e-05      0.0413903    7.76548e-05     -0.0379738    7.28107e-05      0.0379738    7.28107e-05       0.023582    4.07806e-05       0.023582    4.07806e-05    -0.00455013    7.32591e-06     0.00282877    4.87921e-06    -0.00282877    4.87921e-06       0.342797   1000000         1
      0.64       0.138799    0.000242173      0.0966105    0.000186124     -0.0644396    0.000107133      -0.011905    2.15283e-05      0.0425791    7.83123e-05     -0.0375408    7.18411e-05      0.0375408    7.18411e-05      0.0231758    4.00493e-05      0.0231758    4.00493e-05    -0.00458413     7.3652e-06     0.00282947     4.8766e-06    -0.00282947     4.8766e-06       0.344771   1000000         1
      0.65       0.137198    0.000240254      0.0948061    0.000182958     -0.0650835    0.000108477       -0.01191    2.15797e-05      0.0437995    7.97439e-05     -0.0370935    7.11857e-05      0.0370935    7.11857e-05      0.0227581    3.94098e-05      0.0227581    3.94098e-05    -0.00461783    7.44273e-06     0.00282866    4.88565e-06    -0.00282866    4.88565e-06       0.340898   1000000         1
      0.66       0.135541    0.000238773      0.0929733    0.000181606     -0.0657147    0.000110218     -0.0119074    2.17052e-05      0.0450571    8.14136e-05     -0.0366414    7.11811e-05      0.0366414    7.11811e-05      0.0223297    3.90206e-05      0.0223297    3.90206e-05    -0.00465087    7.54274e-06     0.00282611    4.91283e-06    -0.00282611    4.91283e-06       0.343095   1000000         1
      0.67       0.133841    0.000234863       0.091081    0.000176711     -0.0663455     0.00011079     -0.0118987    2.16348e-05      0.0463465    8.19061e-05       -0.03617    6.96879e-05        0.03617    6.96879e-05      0.0218885    3.80543e-05      0.0218885    3.80543e-05    -0.00468359    7.56184e-06     0.00282213    4.89107e-06    -0.00282213    4.89107e-06       0.348199   1000000         1
      0.68       0.132087    0.000232916       0.089147    0.000173788     -0.0669692    0.000112363      -0.011883    2.16932e-05      0.0476693    8.35958e-05     -0.0356872    6.91042e-05      0.0356872    6.91042e-05      0.0214358    3.74394e-05      0.0214358    3.74394e-05    -0.00471583    7.65025e-06     0.00281656    4.90164e-06    -0.00281656    4.90164e-06       0.342931   1000000         1
      0.69       0.130292    0.000231287      0.0871606    0.000169439     -0.0675834    0.000113719     -0.0118605    2.16723e-05      0.0490298    8.60946e-05     -0.0351906    6.83565e-05      0.0351906    6.83565e-05      0.0209712    3.66268e-05      0.0209712    3.66268e-05    -0.00474744    7.73486e-06      0.0028094    4.89517e-06     -0.0028094    4.89517e-06       0.341315   1000000         1
       0.7       0.128428    0.000228681      0.0851325    0.000165992     -0.0681888    0.000115011       -0.01183    2.16573e-05      0.0504229    8.79213e-05      -0.034679    6.76293e-05       0.034679    6.76293e-05      0.0204942    3.58852e-05      0.0204942    3.58852e-05    -0.00477845    7.80614e-06     0.00280041    4.88934e-06    -0.00280041    4.88934e-06       0.342827   1000000         1
      0.71       0.126505    0.000224408      0.0830606    0.000162621      -0.068781     0.00011584     -0.0117911      2.162e-05       0.051852    8.84269e-05     -0.0341517    6.64806e-05      0.0341517    6.64806e-05      0.0200053     3.5108e-05      0.0200053     3.5108e-05    -0.00480867    7.83644e-06     0.00278955    4.87708e-06    -0.00278955    4.87708e-06       0.342284   1000000         1
      0.72       0.124533    0.000223055      0.0809295    0.000159344     -0.0693693    0.000117748     -0.0117449    2.16605e-05      0.0533162    9.13152e-05     -0.0336092    6.59661e-05      0.0336092    6.59661e-05      0.0195034    3.44701e-05      0.0195034    3.44701e-05    -0.00483858    7.95438e-06      0.0027769    4.88575e-06     -0.0027769    4.88575e-06       0.342409   1000000         1
      0.73       0.122498    0.000219498      0.0787561    0.000154895     -0.0699412    0.000118632     -0.0116895    2.15558e-05      0.0548204    9.30094e-05     -0.0330529    6.48303e-05      0.0330529    6.48303e-05      0.0189891    3.35389e-05      0.0189891    3.35389e-05    -0.00486723    7.99846e-06     0.00276219    4.85878e-06    -0.00276219    4.85878e-06       0.345601   1000000         1
      0.74       0.120394    0.000214735      0.0765298    0.000149584     -0.0705125    0.000118951     -0.0116248    2.13311e-05      0.0563574    9.41274e-05     -0.0324771    6.32981e-05      0.0324771    6.32981e-05      0.0184617    3.24177e-05      0.0184617    3.24177e-05    -0.00489588    8.00373e-06     0.00274532    4.80466e-06    -0.00274532    4.80466e-06       0.340706   1000000         1
      0.75        0.11823    0.000211675      0.0742552    0.000146666     -0.0710681    0.000120375     -0.0115502    2.13052e-05      0.0579356    9.65104e-05     -0.0318877    6.27237e-05      0.0318877    6.27237e-05      0.0179216    3.17078e-05      0.0179216    3.17078e-05    -0.00492352    8.08106e-06     0.00272615    4.79719e-06    -0.00272615    4.79719e-06       0.397807   1000000         1
      0.76       0.115997    0.000208572      0.0719259    0.000141708     -0.0716187    0.000121532     -0.0114659    2.11684e-05      0.0595465    9.92544e-05     -0.0312747     6.1619e-05      0.0312747     6.1619e-05      0.0173684     3.0703e-05      0.0173684     3.0703e-05    -0.00495095    8.14275e-06     0.00270475    4.76336e-06    -0.00270475    4.76336e-06        0.50549   1000000         1
      0.77       0.113688    0.000204144      0.0695492    0.000137526     -0.0721453    0.000122451     -0.0113694    2.10152e-05      0.0612051    0.000101024     -0.0306498    6.04746e-05      0.0306498    6.04746e-05      0.0168013    2.97527e-05      0.0168013    2.97527e-05    -0.00497672    8.18628e-06      0.0026806    4.72639e-06     -0.0026806    4.72639e-06       0.414042   1000000         1
      0.78       0.111312     0.00019985      0.0671153    0.000132613     -0.0726739    0.000123312     -0.0112633    2.08679e-05      0.0628943     0.00010291     -0.0300015    5.90686e-05      0.0300015    5.90686e-05      0.0162212    2.87286e-05      0.0162212    2.87286e-05    -0.00500283     8.2228e-06      0.0026541    4.68843e-06     -0.0026541    4.68843e-06        0.39102   1000000         1
      0.79       0.108857    0.000196993      0.0646287    0.000128218      -0.073186    0.000125069     -0.0111447    2.07347e-05      0.0646234    0.000106286     -0.0293323    5.80933e-05      0.0293323    5.80933e-05      0.0156276    2.78362e-05      0.0156276    2.78362e-05     -0.0050278    8.32626e-06     0.00262476    4.65855e-06    -0.00262476    4.65855e-06       0.345142   1000000         1
       0.8       0.106321    0.000190813      0.0620948    0.000122546     -0.0736904    0.000124864     -0.0110138    2.03758e-05      0.0663892    0.000107336     -0.0286431    5.63302e-05      0.0286431    5.63302e-05      0.0150216    2.65728e-05      0.0150216    2.65728e-05    -0.00505216     8.2921e-06     0.00259258    4.57368e-06    -0.00259258    4.57368e-06       0.496921   1000000         1
      0.81       0.103696    0.000187616      0.0594974    0.000117909     -0.0741691     0.00012643     -0.0108688    2.02001e-05      0.0681988    0.000111171     -0.0279295    5.53441e-05      0.0279295    5.53441e-05         0.0144    2.55996e-05         0.0144    2.55996e-05    -0.00507464    8.38618e-06     0.00255715    4.53339e-06    -0.00255715    4.53339e-06       0.361703   1000000         1
      0.82        0.10098    0.000181824      0.0568539    0.000112209       -0.07464    0.000126712     -0.0107091    1.98674e-05      0.0700486    0.000112641     -0.0271938    5.35367e-05      0.0271938    5.35367e-05      0.0137656    2.43847e-05      0.0137656    2.43847e-05    -0.00509658      8.383e-06     0.00251836    4.45449e-06    -0.00251836    4.45449e-06       0.351269   1000000         1
      0.83      0.0981673    0.000177022       0.054155    0.000106969     -0.0750959    0.000127651     -0.0105343    1.95761e-05      0.0719357    0.000115392     -0.0264318    5.20705e-05      0.0264318    5.20705e-05      0.0131174    2.32665e-05      0.0131174    2.32665e-05    -0.00511773    8.42597e-06     0.00247605     4.3869e-06    -0.00247605     4.3869e-06       0.394719   1000000         1
      0.84      0.0952544    0.000171673      0.0514021    0.000101475     -0.0755397    0.000128278      -0.010343    1.91967e-05      0.0738625    0.000117884     -0.0256437     5.0458e-05      0.0256437     5.0458e-05      0.0124556    2.20781e-05      0.0124556    2.20781e-05    -0.00513841    8.45154e-06     0.00242989    4.30044e-06    -0.00242989    4.30044e-06       0.477821   1000000         1
      0.85      0.0922303    0.000169107      0.0485876    9.74986e-05     -0.0759678    0.000130973      -0.010134    1.90245e-05      0.0758268    0.000124525     -0.0248224    4.99794e-05      0.0248224    4.99794e-05      0.0117791     2.1183e-05      0.0117791     2.1183e-05    -0.00515783    8.62115e-06     0.00237968    4.26366e-06    -0.00237968    4.26366e-06       0.773899   1000000         1
      0.86      0.0890914    0.000164088      0.0457183    9.17204e-05     -0.0763828    0.000131927    -0.00990698    1.86294e-05      0.0778249    0.000128308     -0.0239681    4.83621e-05      0.0239681    4.83621e-05       0.011089    1.99596e-05       0.011089    1.99596e-05    -0.00517612    8.67448e-06     0.00232525    4.17354e-06    -0.00232525    4.17354e-06        0.60739   1000000         1
      0.87      0.0858196    0.000156929      0.0428077    8.55565e-05     -0.0767733    0.000131881    -0.00965652    1.81176e-05      0.0798797     0.00012953     -0.0230898    4.62189e-05      0.0230898    4.62189e-05      0.0103857    1.86274e-05      0.0103857    1.86274e-05    -0.00519312    8.64409e-06     0.00226546    4.05502e-06    -0.00226546    4.05502e-06       0.543455   1000000         1
      0.88      0.0824177    0.000150582      0.0398297     7.9474e-05     -0.0771514    0.000132474    -0.00938442    1.76176e-05      0.0819635    0.000132143     -0.0221678    4.42326e-05      0.0221678    4.42326e-05     0.00966762    1.73299e-05     0.00966762    1.73299e-05    -0.00520934    8.66178e-06     0.00220061    3.94087e-06    -0.00220061    3.94087e-06        1.09745   1000000         1
      0.89      0.0788517    0.000144218      0.0368008    7.34482e-05     -0.0775163    0.000133255    -0.00908674    1.70607e-05      0.0840862    0.000135398     -0.0212043    4.23029e-05      0.0212043    4.23029e-05     0.00893589    1.60303e-05     0.00893589    1.60303e-05    -0.00522468    8.69563e-06     0.00212983    3.81526e-06    -0.00212983    3.81526e-06       0.536156   1000000         1
       0.9      0.0751147    0.000136441      0.0337219    6.69056e-05     -0.0778553    0.000132851    -0.00876069    1.63699e-05      0.0862542    0.000137352     -0.0201978    4.00069e-05      0.0201978    4.00069e-05     0.00819091    1.46009e-05     0.00819091    1.46009e-05    -0.00523832     8.6501e-06     0.00205254    3.65762e-06    -0.00205254    3.65762e-06       0.577298   1000000         1
      0.91      0.0711841    0.000131341      0.0305851    6.12723e-05     -0.0781816    0.000135133    -0.00840312    1.58469e-05      0.0884553    0.000144181     -0.0191371    3.85548e-05      0.0191371    3.85548e-05     0.00743193    1.33865e-05     0.00743193    1.33865e-05    -0.00525117    8.79311e-06     0.00196789    3.54202e-06    -0.00196789    3.54202e-06       0.978301   1000000         1
      0.92      0.0670263     0.00012315      0.0273952    5.47873e-05     -0.0784832    0.000135218    -0.00800857    1.50971e-05      0.0906994    0.000146527     -0.0180167    3.61012e-05      0.0180167    3.61012e-05     0.00665917    1.19769e-05     0.00665917    1.19769e-05    -0.00526242    8.77638e-06     0.00187472    3.37184e-06    -0.00187472    3.37184e-06       0.686003   1000000         1
      0.93      0.0626033    0.000115176      0.0241511    4.84669e-05     -0.0787646    0.000135482    -0.00757174    1.43933e-05      0.0929805    0.000150517     -0.0168246    3.38332e-05      0.0168246    3.38332e-05     0.00587271     1.0595e-05     0.00587271     1.0595e-05    -0.00527219    8.79264e-06     0.00177173    3.20984e-06    -0.00177173    3.20984e-06        1.05914   1000000         1
      0.94      0.0578606    0.000107106      0.0208541     4.2087e-05     -0.0790339    0.000136695    -0.00708438    1.35328e-05      0.0952958    0.000155731      -0.015546    3.14956e-05       0.015546    3.14956e-05     0.00507291    9.19999e-06     0.00507291    9.19999e-06    -0.00528118    8.85816e-06     0.00165703    3.01737e-06    -0.00165703    3.01737e-06       0.631337   1000000         1
      0.95      0.0527178    9.78529e-05      0.0175056    3.54245e-05     -0.0792686     0.00013748    -0.00653393    1.25194e-05      0.0976578    0.000160049     -0.0141625    2.87667e-05      0.0141625    2.87667e-05     0.00425971    7.74752e-06     0.00425971    7.74752e-06    -0.00528817    8.89341e-06     0.00152768     2.7905e-06    -0.00152768     2.7905e-06       0.368446   1000000         1
      0.96      0.0470517    8.73412e-05      0.0141056    2.85556e-05     -0.0794898    0.000137884    -0.00590394    1.13239e-05       0.100054    0.000163944     -0.0126386    2.56704e-05      0.0126386    2.56704e-05     0.00343349    6.24731e-06     0.00343349    6.24731e-06    -0.00529439    8.90259e-06     0.00137984    2.52273e-06    -0.00137984    2.52273e-06        0.38018   1000000         1
      0.97      0.0406516     7.5229e-05      0.0106532     2.1471e-05     -0.0796881    0.000137657    -0.00516421    9.87272e-06       0.102483    0.000167089     -0.0109179    2.20825e-05      0.0109179    2.20825e-05     0.00259403    4.70116e-06     0.00259403    4.70116e-06    -0.00529914    8.87596e-06     0.00120646    2.19842e-06    -0.00120646    2.19842e-06       0.370642   1000000         1
      0.98      0.0331051    6.14804e-05     0.00715146    1.44143e-05     -0.0798606    0.000138317    -0.00425792    8.15891e-06       0.104958    0.000171661    -0.00889102    1.80097e-05     0.00889102    1.80097e-05     0.00174185    3.16176e-06     0.00174185    3.16176e-06    -0.00530219    8.90487e-06    0.000994359    1.81618e-06   -0.000994359    1.81618e-06       0.487714   1000000         1
      0.99      0.0233431    4.38896e-05     0.00359926    7.31244e-06     -0.0800213    0.000140115    -0.00304035    5.87291e-06       0.107446    0.000178555    -0.00626625    1.28431e-05     0.00626625    1.28431e-05    0.000877057    1.60651e-06    0.000877057    1.60651e-06    -0.00530424    9.01192e-06    0.000709741    1.30753e-06   -0.000709741    1.30753e-06       0.385896   1000000         1
