        xB    <dsig|+1,0>         err[1]    <dsig|+2,0>         err[2]      <ALL|0,0>         err[3]     <ALL|+1,0>         err[4]   <dsig|0,+1>          err[5]   <dsig|+1,-1>         err[6]    dsig|+1,+1>         err[7]  <dsig|+2,+1>          err[8]  <dsig|+2,-1>          err[9]     <ALL|0,+1>        err[10]    <ALL|+1,-1>        err[11]    <ALL|+1,+1>        err[12]        time[s]     neval      fail
         0              0     7.0217e-19              0     7.0217e-19              0     7.0217e-19              0     7.0217e-19              0     7.0217e-19              0     7.0217e-19              0     7.0217e-19              0     7.0217e-19              0     7.0217e-19              0     7.0217e-19              0     7.0217e-19              0     7.0217e-19              0     7.0217e-19      0.0281952    100000         0
      0.01        3.06081     0.00199665       0.297154    0.000239117       0.353424    0.000466331      -0.129241    0.000108409    -0.00854401    4.65573e-06       0.112289    0.000157653      -0.173039      0.0001538       0.173039      0.0001538      0.0732919    7.62736e-05      0.0732919    7.62736e-05     -0.0109181    7.33359e-06     0.00442746    2.38004e-06    -0.00442746    2.38004e-06       0.307248   1000000         1
      0.02        1.46297     0.00102613       0.139387    0.000126087       0.208503    0.000263973     -0.0585838    4.88252e-05    -0.00538317    3.22973e-06      0.0222634     7.7338e-05     -0.0775332    7.91258e-05      0.0775332    7.91258e-05      0.0452243    4.57604e-05      0.0452243    4.57604e-05    -0.00484331    3.46265e-06     0.00274365    1.63271e-06    -0.00274365    1.63271e-06       0.390802   1000000         1
      0.03       0.755878    0.000742714      0.0656796    9.83675e-05       0.120731    0.000153567      -0.031831    3.61951e-05    -0.00363668    3.71952e-06   -0.000453341    3.64085e-05     -0.0342151    5.55858e-05      0.0342151    5.55858e-05      0.0275119    3.21498e-05      0.0275119    3.21498e-05     -0.0024931    2.78108e-06     0.00181688    1.76486e-06    -0.00181688    1.76486e-06       0.514572   1000000         1
      0.04       0.449943    0.000268012      0.0348221    4.07525e-05       0.076086    7.12365e-05     -0.0197519    2.19439e-05    -0.00266753    1.79616e-06    -0.00438154    2.19694e-05       -0.01705    2.25636e-05        0.01705    2.25636e-05      0.0181106    1.37174e-05      0.0181106    1.37174e-05    -0.00147291    1.58813e-06     0.00131223    8.07311e-07    -0.00131223    8.07311e-07       0.489316   1000000         1
      0.05       0.290356    0.000155099      0.0197115    2.42626e-05      0.0505473    4.64679e-05       -0.01319     1.4875e-05    -0.00205162    1.17812e-06    -0.00440225    1.44235e-05    -0.00906901    1.35246e-05     0.00906901    1.35246e-05      0.0125237     8.8521e-06      0.0125237     8.8521e-06   -0.000938523    1.07853e-06     0.00099647    5.19334e-07    -0.00099647    5.19334e-07       0.470254   1000000         1
      0.06       0.197592    0.000107708      0.0116079    1.64153e-05      0.0348462    3.27795e-05    -0.00922387    1.08152e-05    -0.00162779    8.69971e-07     -0.0036161     9.9887e-06    -0.00500108    9.17395e-06     0.00500108    9.17395e-06     0.00896324    6.42053e-06     0.00896324    6.42053e-06   -0.000626535    7.94568e-07    0.000782082    3.79372e-07   -0.000782082    3.79372e-07       0.832698   1000000         1
      0.07       0.139673    7.55712e-05     0.00700008    1.15055e-05      0.0247029    2.32094e-05    -0.00665324    8.19375e-06     -0.0013203    6.81628e-07    -0.00278883    7.04061e-06    -0.00280336    6.42734e-06     0.00280336    6.42734e-06     0.00658243    4.74445e-06     0.00658243    4.74445e-06   -0.000431058    6.06498e-07    0.000628381    2.93205e-07   -0.000628381    2.93205e-07       0.503084   1000000         1
      0.08       0.101648    5.30324e-05     0.00427439    8.24857e-06      0.0179087    1.63816e-05    -0.00490471    6.41025e-06    -0.00108881    5.68161e-07    -0.00209834     5.0782e-06    -0.00157006    4.59182e-06     0.00157006    4.59182e-06     0.00493396    3.55499e-06     0.00493396    3.55499e-06   -0.000302477    4.78345e-07    0.000513908    2.42045e-07   -0.000513908    2.42045e-07       0.537609   1000000         1
      0.09      0.0756935    4.13122e-05     0.00261468    6.15389e-06      0.0132251    1.22352e-05    -0.00367214    5.18585e-06   -0.000909561    5.11697e-07    -0.00156423     3.7675e-06    -0.00085962     3.3842e-06     0.00085962     3.3842e-06     0.00376038    2.85578e-06     0.00376038    2.85578e-06   -0.000214869    3.86245e-07    0.000426116    2.18744e-07   -0.000426116    2.18744e-07       0.723484   1000000         1
       0.1      0.0574472      3.458e-05     0.00158358    4.67983e-06      0.0099217    9.53214e-06    -0.00277899    4.31257e-06    -0.00076775     4.9139e-07    -0.00116181    2.92246e-06    -0.00044383    2.53223e-06     0.00044383    2.53223e-06     0.00290649    2.41144e-06     0.00290649    2.41144e-06   -0.000153462    3.21053e-07    0.000357286     2.1216e-07   -0.000357286     2.1216e-07       0.607875   1000000         1
      0.11      0.0442991    3.13266e-05    0.000934475    3.61921e-06      0.0075464    7.88281e-06    -0.00211828    3.68262e-06   -0.000653615    4.96361e-07   -0.000863111    2.39713e-06    -0.00019913    1.92454e-06     0.00019913    1.92454e-06     0.00227383    2.15653e-06     0.00227383    2.15653e-06    -0.00010961    2.75195e-07    0.000302339    2.16942e-07   -0.000302339    2.16942e-07       0.577301   1000000         1
      0.12      0.0346297     3.0112e-05    0.000522553    2.83657e-06     0.00580905    6.93496e-06    -0.00162096    3.23453e-06   -0.000560442    5.20479e-07   -0.000641554    2.05013e-06   -5.56801e-05    1.48007e-06    5.56801e-05    1.48007e-06     0.00179758    2.02817e-06     0.00179758    2.02817e-06   -7.77339e-05    2.41581e-07    0.000257823    2.29737e-07   -0.000257823    2.29737e-07       0.525024   1000000         1
      0.13       0.027397    2.47646e-05    0.000260678    2.25037e-06     0.00452091    5.48357e-06    -0.00124191    2.75784e-06   -0.000483524    4.79032e-07   -0.000478019    1.59543e-06    2.68777e-05    1.15544e-06   -2.68777e-05    1.15544e-06     0.00143455    1.68366e-06     0.00143455    1.68366e-06   -5.43485e-05    2.03258e-07    0.000221326    2.10468e-07   -0.000221326    2.10468e-07       0.501427   1000000         1
      0.14      0.0219042    1.75421e-05    9.47246e-05     1.8036e-06     0.00355246    3.91609e-06   -0.000949451    2.17289e-06   -0.000419358    3.69813e-07   -0.000356056    1.21611e-06    7.27703e-05     9.3319e-07   -7.27703e-05     9.3319e-07     0.00115428    1.23522e-06     0.00115428    1.23522e-06   -3.69462e-05    1.69086e-07    0.000191084    1.60996e-07   -0.000191084    1.60996e-07       0.532429   1000000         1
      0.15      0.0176767    1.57252e-05   -8.91016e-06     1.4498e-06     0.00281595    3.31208e-06   -0.000722134    1.88995e-06   -0.000365392    3.52122e-07   -0.000265369    1.05568e-06    9.61447e-05    7.53449e-07   -9.61447e-05    7.53449e-07    0.000935678     1.0827e-06    0.000935678     1.0827e-06   -2.39851e-05    1.53397e-07    0.000165798    1.53892e-07   -0.000165798    1.53892e-07       0.534368   1000000         1
      0.16      0.0143856      1.053e-05   -7.21391e-05    1.19068e-06     0.00224999    2.33793e-06   -0.000544036    1.46572e-06   -0.000319663    2.60923e-07   -0.000197417    7.23369e-07    0.000106016    6.06539e-07   -0.000106016    6.06539e-07    0.000763568    7.84057e-07    0.000763568    7.84057e-07   -1.42444e-05    1.14365e-07    0.000144494    1.12118e-07   -0.000144494    1.12118e-07        1.31226   1000000         1
      0.17      0.0117969    9.76419e-06   -0.000108864    1.04213e-06     0.00181099    2.14193e-06   -0.000403906     1.1566e-06    -0.00028067    2.22342e-07   -0.000146469    6.01838e-07    0.000107724    5.29173e-07   -0.000107724    5.29173e-07     0.00062695    7.17236e-07     0.00062695    7.17236e-07    -6.9413e-06    9.15972e-08     0.00012642    9.61927e-08    -0.00012642    9.61927e-08       0.752271   1000000         1
      0.18     0.00974047    1.17121e-05   -0.000128346    9.33629e-07     0.00146734    2.41811e-06   -0.000293181    9.48523e-07    -0.00024722    2.56531e-07    -0.00010816    6.08805e-07    0.000104705    4.72188e-07   -0.000104705    4.72188e-07    0.000517624    8.22729e-07    0.000517624    8.22729e-07   -1.47748e-06    7.71656e-08    0.000110991    1.13474e-07   -0.000110991    1.13474e-07       0.508987   1000000         1
      0.19     0.00809288    8.29005e-06   -0.000136598    7.63004e-07     0.00119605    1.70984e-06   -0.000205525    8.46173e-07   -0.000218377     1.9934e-07   -7.91671e-05    4.47444e-07    9.90597e-05    3.82769e-07   -9.90597e-05    3.82769e-07    0.000429485    5.94669e-07    0.000429485    5.94669e-07    2.59825e-06    6.77108e-08    9.77466e-05    8.70578e-08   -9.77466e-05    8.70578e-08       0.482338   1000000         1
       0.2     0.00676385    4.76391e-06   -0.000137779     5.9682e-07    0.000980653    1.02339e-06   -0.000135984    7.59713e-07   -0.000193409    1.37616e-07   -5.73099e-05    3.09705e-07    9.21451e-05    2.96625e-07   -9.21451e-05    2.96625e-07    0.000358076    3.66767e-07    0.000358076    3.66767e-07    5.61217e-06    6.05569e-08    8.63299e-05     5.8423e-08   -8.63299e-05     5.8423e-08       0.511923   1000000         1
      0.21     0.00568267    3.63808e-06   -0.000134407    5.02601e-07    0.000808083    7.84251e-07   -8.08651e-05    6.64514e-07   -0.000171687    1.12365e-07   -4.06778e-05    2.51325e-07    8.46981e-05     2.4985e-07   -8.46981e-05     2.4985e-07    0.000299769    2.84076e-07    0.000299769    2.84076e-07    7.81385e-06    5.39112e-08    7.64365e-05    4.73457e-08   -7.64365e-05    4.73457e-08       0.495844   1000000         1
      0.22      0.0047977    3.65636e-06   -0.000128354    4.46312e-07    0.000669051    7.45744e-07   -3.72556e-05    5.70759e-07   -0.000152721    1.06757e-07   -2.80512e-05    2.26908e-07    7.72481e-05    2.23577e-07   -7.72481e-05    2.23577e-07    0.000251926    2.70514e-07    0.000251926    2.70514e-07    9.38547e-06    4.81462e-08    6.78304e-05    4.56756e-08   -6.78304e-05    4.56756e-08       0.491792   1000000         1
      0.23     0.00406905    4.94982e-06   -0.000120723    4.03471e-07    0.000556406     9.3008e-07   -2.91031e-06    4.93899e-07   -0.000136117    1.49342e-07   -1.85089e-05    2.49321e-07    7.00248e-05    2.03591e-07   -7.00248e-05    2.03591e-07    0.000212496    3.49335e-07    0.000212496    3.49335e-07    1.04686e-05     4.3615e-08    6.03211e-05    6.51324e-08   -6.03211e-05    6.51324e-08       0.450617   1000000         1
      0.24     0.00346502    2.33259e-06   -0.000112412    3.16353e-07    0.000464482    4.69689e-07    2.40208e-05     4.5549e-07   -0.000121509    7.94266e-08   -1.12362e-05    1.53645e-07    6.32564e-05    1.55553e-07   -6.32564e-05    1.55553e-07    0.000179773    1.76702e-07    0.000179773    1.76702e-07    1.11764e-05    3.79298e-08    5.37358e-05    3.35361e-08   -5.37358e-05    3.35361e-08       0.422239   1000000         1
      0.25     0.00296245     1.5172e-06   -0.000103883     2.6807e-07    0.000389251    3.00786e-07    4.49624e-05    4.56727e-07   -0.000108643    6.89392e-08   -5.76438e-06    1.11344e-07    5.69858e-05    1.27676e-07   -5.69858e-05    1.27676e-07    0.000152567    1.17353e-07    0.000152567    1.17353e-07    1.15953e-05    3.51515e-08    4.79537e-05     2.8496e-08   -4.79537e-05     2.8496e-08       0.428536   1000000         1
      0.26     0.00254197    1.60778e-06   -9.54535e-05    2.47295e-07    0.000327322    2.69313e-07    6.10457e-05    4.70608e-07   -9.72752e-05    7.54637e-08    -1.6533e-06    9.27793e-08    5.12359e-05    1.15666e-07   -5.12359e-05    1.15666e-07    0.000129834    1.09195e-07    0.000129834    1.09195e-07    1.17902e-05    3.45925e-08    4.28591e-05    3.15461e-08   -4.28591e-05    3.15461e-08       0.431176   1000000         1
      0.27     0.00218862    1.41658e-06   -8.73409e-05    2.10773e-07    0.000276134    2.35205e-07    7.31777e-05    4.13193e-07   -8.72084e-05    6.83603e-08    1.39976e-06    7.93778e-08    4.60065e-05    9.80681e-08   -4.60065e-05    9.80681e-08    0.000110772    9.64588e-08    0.000110772    9.64588e-08    1.18107e-05    3.02432e-08    3.83595e-05     2.8582e-08   -3.83595e-05     2.8582e-08       0.447761   1000000         1
      0.28     0.00189008    1.08234e-06   -7.96508e-05    1.68022e-07    0.000233593    1.88396e-07    8.21137e-05    3.40601e-07   -7.82648e-05    5.75496e-08    3.64607e-06    7.01319e-08    4.12712e-05    7.79001e-08   -4.12712e-05    7.79001e-08    9.47122e-05    7.91216e-08    9.47122e-05    7.91216e-08    1.16975e-05    2.56749e-08    3.43719e-05    2.39055e-08   -3.43719e-05    2.39055e-08        0.42502   1000000         1
      0.29     0.00163725    8.57501e-07   -7.24683e-05     1.3632e-07    0.000198158    1.56053e-07      8.847e-05    2.86772e-07   -7.03126e-05    4.97577e-08    5.28245e-06     5.9983e-08     3.7009e-05    6.29887e-08    -3.7009e-05    6.29887e-08    8.11586e-05     6.7114e-08    8.11586e-05     6.7114e-08    1.14899e-05    2.15043e-08    3.08349e-05    2.05512e-08   -3.08349e-05    2.05512e-08       0.449461   1000000         1
       0.3     0.00142212    6.87621e-07   -6.58075e-05    1.11408e-07    0.000168512    1.29512e-07     9.2718e-05     2.4574e-07   -6.32244e-05    4.36794e-08    6.43013e-06    5.21744e-08    3.31758e-05    5.13041e-08   -3.31758e-05    5.13041e-08    6.96773e-05    5.70642e-08    6.96773e-05    5.70642e-08    1.12058e-05    1.84723e-08     2.7689e-05    1.79521e-08    -2.7689e-05    1.79521e-08       0.547264   1000000         1
      0.31     0.00123842    5.83383e-07   -5.96685e-05    9.31631e-08    0.000143623    1.10843e-07    9.52557e-05    2.13509e-07   -5.68956e-05    3.91098e-08    7.20581e-06    4.62469e-08    2.97354e-05     4.2842e-08   -2.97354e-05     4.2842e-08    5.99237e-05    4.96751e-08    5.99237e-05    4.96751e-08    1.08663e-05    1.63207e-08     2.4886e-05    1.60393e-08    -2.4886e-05    1.60393e-08       0.427925   1000000         1
      0.32     0.00108104    4.68777e-07   -5.40393e-05    7.70468e-08    0.000122667    9.17537e-08    9.64085e-05    1.85535e-07   -5.12363e-05    3.44469e-08    7.68917e-06    4.01624e-08    2.66509e-05    3.53241e-08   -2.66509e-05    3.53241e-08    5.16174e-05    4.20335e-08    5.16174e-05    4.20335e-08    1.04854e-05    1.42066e-08    2.23843e-05    1.40658e-08   -2.23843e-05    1.40658e-08       0.416245   1000000         1
      0.33     0.00094579    3.96355e-07   -4.88979e-05     6.4899e-08    0.000104964     7.7956e-08    9.64652e-05    1.62797e-07   -4.61666e-05    3.06758e-08    7.95957e-06    3.56475e-08    2.38893e-05    2.97268e-08   -2.38893e-05    2.97268e-08    4.45244e-05    3.62385e-08    4.45244e-05    3.62385e-08    1.00803e-05    1.27203e-08    2.01475e-05    1.25013e-08   -2.01475e-05    1.25013e-08       0.415436   1000000         1
      0.34    0.000829235    3.28991e-07   -4.42128e-05    5.45693e-08    8.99758e-05    6.57419e-08    9.56293e-05    1.42728e-07   -4.16211e-05    2.71878e-08     8.0599e-06    3.09353e-08    2.14163e-05    2.49532e-08   -2.14163e-05    2.49532e-08     3.8457e-05    3.10155e-08     3.8457e-05    3.10155e-08    9.65759e-06    1.11059e-08    1.81454e-05    1.10489e-08   -1.81454e-05    1.10489e-08       0.415617   1000000         1
      0.35    0.000728484    3.26367e-07   -3.99533e-05    4.90508e-08     7.7247e-05    6.12495e-08     9.4098e-05     1.2854e-07   -3.75387e-05    2.52441e-08    8.03668e-06    2.86746e-08    1.92029e-05     2.2553e-08   -1.92029e-05     2.2553e-08    3.32532e-05    2.86906e-08    3.32532e-05    2.86906e-08    9.22688e-06    1.04689e-08    1.63502e-05    1.03055e-08   -1.63502e-05    1.03055e-08       0.413737   1000000         1
      0.36    0.000641147    2.36232e-07   -3.60862e-05    3.94398e-08    6.64121e-05    4.75728e-08    9.20136e-05    1.11392e-07   -3.38684e-05    2.15129e-08    7.91655e-06    2.45972e-08    1.72205e-05    1.80183e-08   -1.72205e-05    1.80183e-08    2.87822e-05    2.29804e-08    2.87822e-05    2.29804e-08    8.79332e-06    9.13974e-09    1.47387e-05    8.71127e-09   -1.47387e-05    8.71127e-09       0.456574   1000000         1
      0.37    0.000565253    1.92476e-07   -3.25786e-05    3.32996e-08    5.71669e-05    3.98852e-08    8.95032e-05    9.82388e-08   -3.05646e-05    1.88544e-08    7.72881e-06     2.1719e-08    1.54456e-05    1.52042e-08   -1.54456e-05    1.52042e-08    2.49329e-05    1.95246e-08    2.49329e-05    1.95246e-08    8.36205e-06    8.17388e-09    1.32903e-05    7.60869e-09   -1.32903e-05    7.60869e-09       0.460661   1000000         1
      0.38    0.000499188     1.6787e-07   -2.94037e-05     2.8563e-08    4.92708e-05    3.42541e-08    8.66646e-05    8.76262e-08   -2.75901e-05    1.67649e-08    7.48548e-06    1.94344e-08    1.38568e-05    1.30526e-08   -1.38568e-05    1.30526e-08     2.1617e-05     1.6889e-08     2.1617e-05     1.6889e-08    7.93484e-06     7.4553e-09     1.1988e-05    6.75924e-09    -1.1988e-05    6.75924e-09       0.426844   1000000         1
      0.39    0.000441486    1.70857e-07    -2.6526e-05    2.63413e-08    4.25038e-05    3.22366e-08     8.3586e-05    8.02018e-08   -2.49074e-05    1.56571e-08      7.209e-06    1.77547e-08    1.24315e-05    1.20921e-08   -1.24315e-05    1.20921e-08    1.87527e-05    1.57104e-08    1.87527e-05    1.57104e-08     7.5169e-06    7.00893e-09    1.08149e-05    6.34787e-09   -1.08149e-05    6.34787e-09       0.434861   1000000         1
       0.4    0.000391021    1.17976e-07   -2.39261e-05    2.08037e-08    3.66988e-05    2.46629e-08    8.03456e-05    6.93538e-08   -2.24863e-05    1.30693e-08    6.90812e-06    1.52727e-08    1.11558e-05    9.50024e-09   -1.11558e-05    9.50024e-09     1.6276e-05    1.23991e-08     1.6276e-05    1.23991e-08     7.1096e-06    6.06886e-09     9.7576e-06    5.24607e-09    -9.7576e-06    5.24607e-09       0.440599   1000000         1
      0.41     0.00034676    9.27747e-08   -2.15714e-05    1.74529e-08    3.17094e-05    2.04517e-08    7.69847e-05    6.18991e-08   -2.03003e-05    1.13473e-08    6.58967e-06    1.34906e-08    1.00103e-05    7.96056e-09   -1.00103e-05    7.96056e-09     1.4132e-05    1.04316e-08     1.4132e-05    1.04316e-08    6.71265e-06    5.41003e-09    8.80393e-06    4.53377e-09   -8.80393e-06    4.53377e-09       0.439187   1000000         1
      0.42    0.000307913    8.51751e-08   -1.94423e-05    1.52995e-08    2.74151e-05    1.79481e-08    7.35722e-05    5.54689e-08    -1.8325e-05    1.01526e-08     6.2715e-06    1.21886e-08    8.98318e-06    6.98695e-09   -8.98318e-06    6.98695e-09    1.22737e-05    9.15419e-09    1.22737e-05    9.15419e-09    6.33328e-06    5.06531e-09    7.94326e-06    4.05892e-09   -7.94326e-06    4.05892e-09       0.455717   1000000         1
      0.43    0.000273714    9.34794e-08   -1.75166e-05    1.42908e-08    2.37136e-05     1.7021e-08    7.01273e-05    5.16483e-08   -1.65392e-05    9.49603e-09    5.94723e-06     1.1172e-08    8.06079e-06    6.55486e-09   -8.06079e-06    6.55486e-09    1.06615e-05     8.5207e-09    1.06615e-05     8.5207e-09     5.9656e-06    4.82185e-09    7.16585e-06    3.82498e-09   -7.16585e-06    3.82498e-09       0.575896   1000000         1
      0.44    0.000243557    6.05202e-08   -1.57762e-05    1.12238e-08    2.05203e-05    1.30063e-08    6.66858e-05    4.44949e-08   -1.49241e-05      7.867e-09    5.62238e-06    9.57398e-09     7.2325e-06    5.12397e-09    -7.2325e-06    5.12397e-09    9.26191e-06    6.72972e-09    9.26191e-06    6.72972e-09    5.61139e-06    4.13557e-09    6.46333e-06    3.13017e-09   -6.46333e-06    3.13017e-09        0.48866   1000000         1
      0.45    0.000216939     4.9771e-08    -1.4203e-05     9.5094e-09    1.77614e-05    1.09402e-08    6.32827e-05    4.03918e-08   -1.34628e-05    6.86517e-09    5.30446e-06    8.60431e-09    6.48866e-06    4.34102e-09   -6.48866e-06    4.34102e-09    8.04556e-06    5.71738e-09    8.04556e-06    5.71738e-09    5.27246e-06    3.76934e-09    5.82836e-06    2.72258e-09   -5.82836e-06    2.72258e-09       0.456706   1000000         1
      0.46    0.000193402    4.74344e-08   -1.27806e-05    8.42021e-09    1.53755e-05    9.64028e-09    5.99319e-05    3.66341e-08   -1.21399e-05     6.1462e-09    4.99579e-06    7.87142e-09    5.82005e-06     3.8481e-09   -5.82005e-06     3.8481e-09    6.98784e-06    5.02428e-09    6.98784e-06    5.02428e-09    4.94969e-06    3.60968e-09    5.25402e-06    2.44099e-09   -5.25402e-06    2.44099e-09       0.462912   1000000         1
      0.47    0.000172553    4.83893e-08   -1.14951e-05    7.63794e-09    1.33107e-05    8.72337e-09    5.66504e-05    3.39812e-08   -1.09424e-05    5.60484e-09    4.69524e-06    7.10355e-09    5.21902e-06    3.49781e-09   -5.21902e-06    3.49781e-09    6.06765e-06    4.50392e-09    6.06765e-06    4.50392e-09    4.64072e-06    3.34817e-09    4.73447e-06    2.23653e-09   -4.73447e-06    2.23653e-09        0.45075   1000000         1
      0.48    0.000154046    4.18415e-08   -1.03331e-05    6.58273e-09    1.15209e-05     7.4319e-09    5.34488e-05    3.13657e-08   -9.85732e-06     4.9478e-09    4.40335e-06    6.33386e-09    4.67828e-06      3.015e-09   -4.67828e-06      3.015e-09    5.26604e-06    3.86656e-09    5.26604e-06    3.86656e-09    4.34534e-06    3.04723e-09    4.26399e-06    1.97091e-09   -4.26399e-06    1.97091e-09       0.436865   1000000         1
      0.49    0.000137628    3.20049e-08   -9.28331e-06    5.41224e-09     9.9714e-06    6.05527e-09    5.03457e-05    2.74472e-08   -8.87543e-06    4.19607e-09    4.12654e-06    5.73633e-09    4.19228e-06     2.4747e-09   -4.19228e-06     2.4747e-09    4.56888e-06    3.19526e-09    4.56888e-06    3.19526e-09    4.06659e-06     2.8428e-09     3.8386e-06    1.65855e-09    -3.8386e-06    1.65855e-09       0.418259   1000000         1
       0.5    0.000122995    2.78152e-08   -8.33239e-06    4.65571e-09    8.62458e-06    5.16455e-09    4.73345e-05    2.49245e-08   -7.98464e-06    3.67323e-09    3.85951e-06     5.1548e-09    3.75388e-06    2.12879e-09   -3.75388e-06    2.12879e-09    3.96039e-06    2.73705e-09    3.96039e-06    2.73705e-09    3.80011e-06    2.61835e-09    3.45287e-06    1.44847e-09   -3.45287e-06    1.44847e-09       0.416622   1000000         1
      0.51    0.000110009    3.10786e-08   -7.47737e-06    4.45097e-09    7.46026e-06    4.83215e-09    4.44405e-05    2.39576e-08   -7.17994e-06    3.44835e-09    3.60493e-06    4.78898e-09    3.36121e-06    2.04341e-09   -3.36121e-06    2.04341e-09    3.43208e-06    2.51706e-09    3.43208e-06    2.51706e-09    3.54817e-06    2.53858e-09     3.1046e-06    1.37335e-09    -3.1046e-06    1.37335e-09       0.553868   1000000         1
      0.52    9.84116e-05    2.17846e-08   -6.70299e-06    3.42748e-09    6.44817e-06    3.75027e-09    4.16494e-05    2.08587e-08   -6.45042e-06     2.8241e-09    3.36145e-06    4.04252e-09    3.00696e-06    1.56636e-09   -3.00696e-06    1.56636e-09    2.97127e-06    2.00337e-09    2.97127e-06    2.00337e-09    3.30837e-06    2.11369e-09    2.78903e-06    1.10938e-09   -2.78903e-06    1.10938e-09       0.447308   1000000         1
      0.53    8.80706e-05    2.07768e-08   -6.00364e-06    3.04543e-09    5.56946e-06    3.27705e-09    3.89752e-05    1.90953e-08   -5.78969e-06    2.51425e-09    3.13251e-06    3.77765e-09    2.68824e-06    1.39216e-09   -2.68824e-06    1.39216e-09    2.56979e-06    1.74525e-09    2.56979e-06    1.74525e-09    3.08292e-06     2.0767e-09    2.50338e-06    9.89116e-10   -2.50338e-06    9.89116e-10       0.429834   1000000         1
      0.54    7.88288e-05    1.82851e-08   -5.37227e-06      2.611e-09    4.80666e-06    2.78734e-09    3.64131e-05    1.73044e-08   -5.19158e-06    2.19624e-09    2.91446e-06    3.29405e-09    2.40139e-06    1.19126e-09   -2.40139e-06    1.19126e-09     2.2202e-06    1.48936e-09     2.2202e-06    1.48936e-09    2.86901e-06    1.83454e-09    2.24488e-06    8.61759e-10   -2.24488e-06    8.61759e-10       0.501569   1000000         1
      0.55    7.05601e-05     1.6028e-08   -4.80237e-06    2.21616e-09    4.14449e-06    2.35176e-09    3.39615e-05    1.58936e-08   -4.65029e-06    1.90261e-09    2.70678e-06    2.93139e-09     2.1432e-06    1.01185e-09    -2.1432e-06    1.01185e-09    1.91587e-06     1.2625e-09    1.91587e-06     1.2625e-09    2.66601e-06    1.65284e-09    2.01098e-06    7.44154e-10   -2.01098e-06    7.44154e-10       0.477222   1000000         1
      0.56    6.31703e-05     1.5797e-08    -4.2882e-06    1.99734e-09    3.56979e-06    2.06851e-09    3.16289e-05    1.46965e-08   -4.16063e-06    1.71311e-09     2.5128e-06    2.73188e-09    1.91102e-06    9.10691e-10   -1.91102e-06    9.10691e-10    1.65107e-06    1.10387e-09    1.65107e-06    1.10387e-09    2.47596e-06    1.61463e-09    1.79951e-06     6.7297e-10   -1.79951e-06     6.7297e-10       0.453206   1000000         1
      0.57    5.65468e-05    1.66129e-08    -3.8247e-06    1.98162e-09    3.07138e-06    1.96261e-09    2.94062e-05    1.43201e-08   -3.71807e-06    1.64117e-09    2.32855e-06    2.61937e-09    1.70219e-06    9.03077e-10   -1.70219e-06    9.03077e-10    1.42094e-06    1.02677e-09    1.42094e-06    1.02677e-09    2.29594e-06    1.61444e-09    1.60838e-06    6.52291e-10   -1.60838e-06    6.52291e-10       0.420142   1000000         1
      0.58    5.06093e-05    1.33779e-08   -3.40646e-06    1.51123e-09    2.63856e-06    1.51601e-09    2.72928e-05    1.24553e-08    -3.3177e-06     1.3198e-09    2.15496e-06    2.26596e-09     1.5143e-06    6.91956e-10    -1.5143e-06    6.91956e-10    1.22067e-06    8.08732e-10    1.22067e-06    8.08732e-10    2.12624e-06    1.40717e-09    1.43555e-06    5.19312e-10   -1.43555e-06    5.19312e-10       0.425799   1000000         1
      0.59    4.52883e-05     1.5623e-08   -3.03004e-06    1.63991e-09    2.26373e-06    1.53366e-09     2.5291e-05    1.27773e-08   -2.95643e-06    1.36749e-09    1.99213e-06     2.1357e-09    1.34556e-06    7.46805e-10   -1.34556e-06    7.46805e-10    1.04697e-06     7.9403e-10    1.04697e-06     7.9403e-10      1.967e-06    1.40071e-09     1.2796e-06    5.49537e-10    -1.2796e-06    5.49537e-10       0.428181   1000000         1
       0.6    4.04958e-05    1.05803e-08   -2.68984e-06    1.10774e-09    1.93793e-06    1.08202e-09    2.33857e-05    1.02636e-08   -2.62945e-06    9.88781e-10    1.83785e-06    1.81354e-09    1.19331e-06    5.10197e-10   -1.19331e-06    5.10197e-10    8.95807e-07    5.79221e-10    8.95807e-07    5.79221e-10    1.81608e-06    1.17175e-09    1.13844e-06    3.87367e-10   -1.13844e-06    3.87367e-10       0.420477   1000000         1
      0.61    3.62146e-05    9.94522e-09   -2.38587e-06    9.72023e-10     1.6575e-06    9.27925e-10     2.1595e-05    9.45556e-09   -2.33594e-06    8.70616e-10    1.69399e-06      1.653e-09     1.0576e-06    4.47914e-10    -1.0576e-06    4.47914e-10     7.6551e-07    4.95155e-10     7.6551e-07    4.95155e-10    1.67537e-06    1.09797e-09    1.01176e-06    3.42185e-10   -1.01176e-06    3.42185e-10       0.441455   1000000         1
      0.62    3.23632e-05    9.05182e-09    -2.1118e-06     8.4465e-10    1.41431e-06    7.92333e-10    1.99027e-05    8.62886e-09   -2.07093e-06    7.63531e-10    1.55939e-06    1.46282e-09    9.35504e-07    3.85307e-10   -9.35504e-07    3.85307e-10    6.52447e-07    4.21862e-10    6.52447e-07    4.21862e-10    1.54335e-06    9.90804e-10    8.97409e-07    2.99487e-10   -8.97409e-07    2.99487e-10       0.437399   1000000         1
      0.63    2.88935e-05    9.61705e-09   -1.86523e-06    8.57306e-10    1.20391e-06    7.48139e-10    1.83018e-05    8.39929e-09   -1.83212e-06    7.49482e-10    1.43222e-06    1.35348e-09    8.25747e-07    3.92433e-10   -8.25747e-07    3.92433e-10    5.54605e-07    3.89466e-10    5.54605e-07    3.89466e-10    1.41871e-06    9.49494e-10    7.94301e-07    3.00813e-10   -7.94301e-07    3.00813e-10       0.417253   1000000         1
      0.64     2.5783e-05    7.47934e-09   -1.64477e-06     6.3216e-10    1.02288e-06    5.68066e-10     1.6801e-05    7.20533e-09   -1.61789e-06    5.80936e-10    1.31386e-06    1.17992e-09    7.27805e-07    2.87943e-10   -7.27805e-07    2.87943e-10    4.70389e-07    3.01699e-10    4.70389e-07    3.01699e-10    1.30251e-06    8.33025e-10    7.01821e-07    2.28645e-10   -7.01821e-07    2.28645e-10        0.42845   1000000         1
      0.65    2.29828e-05    6.81885e-09   -1.44688e-06    5.50997e-10    8.66658e-07    4.82066e-10    1.53884e-05    6.57297e-09   -1.42528e-06    5.07659e-10     1.2031e-06    1.04659e-09    6.39999e-07    2.50835e-10   -6.39999e-07    2.50835e-10    3.97741e-07    2.55124e-10    3.97741e-07    2.55124e-10    1.19364e-06    7.50773e-10    6.18656e-07    2.00321e-10   -6.18656e-07    2.00321e-10       0.562381   1000000         1
      0.66    2.04645e-05    6.16896e-09   -1.26977e-06    4.61935e-10    7.32267e-07    3.99699e-10    1.40628e-05    5.91974e-09   -1.25253e-06    4.30295e-10    1.09972e-06    9.48671e-10    5.61541e-07    2.10749e-10   -5.61541e-07    2.10749e-10    3.35271e-07     2.1162e-10    3.35271e-07     2.1162e-10    1.09188e-06    6.97516e-10    5.44063e-07    1.69163e-10   -5.44063e-07    1.69163e-10       0.553731   1000000         1
      0.67    1.81996e-05    5.66941e-09   -1.11152e-06    4.11903e-10    6.16848e-07    3.41886e-10    1.28215e-05    5.45589e-09   -1.09787e-06    3.83873e-10    1.00319e-06    8.41292e-10    4.91474e-07    1.87223e-10   -4.91474e-07    1.87223e-10     2.8167e-07    1.79866e-10     2.8167e-07    1.79866e-10    9.96772e-07    6.28582e-10    4.77237e-07    1.52081e-10   -4.77237e-07    1.52081e-10       0.539276   1000000         1
      0.68     1.6163e-05    5.10993e-09   -9.70299e-07     3.4749e-10    5.17932e-07    2.83208e-10    1.16608e-05    4.92664e-09   -9.59584e-07    3.26732e-10     9.1338e-07    7.63467e-10    4.29032e-07    1.58278e-10   -4.29032e-07    1.58278e-10    2.35786e-07    1.48864e-10    2.35786e-07    1.48864e-10    9.08158e-07    5.82534e-10    4.17482e-07    1.29294e-10   -4.17482e-07    1.29294e-10       0.594876   1000000         1
      0.69    1.43307e-05    4.74969e-09   -8.44475e-07    3.00794e-10    4.33332e-07    2.36978e-10    1.05765e-05    4.53344e-09   -8.36154e-07    2.82466e-10    8.29661e-07    7.14607e-10    3.73442e-07    1.38495e-10   -3.73442e-07    1.38495e-10    1.96605e-07    1.23937e-10    1.96605e-07    1.23937e-10    8.25471e-07    5.57514e-10    3.64119e-07     1.1259e-10   -3.64119e-07     1.1259e-10       0.429419   1000000         1
       0.7    1.26834e-05    4.08081e-09   -7.32625e-07    2.52665e-10    3.61152e-07    1.95467e-10    9.56615e-06    3.97416e-09   -7.26233e-07    2.39701e-10    7.51741e-07    5.73978e-10    3.24042e-07    1.14298e-10   -3.24042e-07    1.14298e-10    1.63242e-07    1.02065e-10    1.63242e-07    1.02065e-10     7.4844e-07     4.5144e-10    3.16563e-07    9.49776e-11   -3.16563e-07    9.49776e-11       0.418706   1000000         1
      0.71    1.12047e-05    4.41022e-09   -6.33411e-07    2.82086e-10    2.99765e-07    1.91518e-10    8.62773e-06    4.03911e-09   -6.28562e-07    2.56056e-10    6.79687e-07    5.53732e-10    2.80265e-07    1.26734e-10   -2.80265e-07    1.26734e-10    1.34933e-07    9.65745e-11    1.34933e-07    9.65745e-11      6.771e-07    4.51765e-10    2.74293e-07    1.04425e-10   -2.74293e-07    1.04425e-10       0.636113   1000000         1
      0.72    9.87512e-06     3.2744e-09   -5.45498e-07    1.83648e-10    2.47643e-07    1.33302e-10    7.75564e-06     3.1982e-09   -5.41887e-07    1.75448e-10    6.12777e-07    4.67994e-10    2.41485e-07    8.30538e-11   -2.41485e-07    8.30538e-11    1.10963e-07    6.89936e-11    1.10963e-07    6.89936e-11    6.10763e-07     3.8087e-10    2.36756e-07    6.97645e-11   -2.36756e-07    6.97645e-11       0.847626   1000000         1
      0.73    8.67758e-06    2.92804e-09   -4.67551e-07    1.55007e-10    2.03415e-07    1.08939e-10    6.94492e-06    2.86709e-09   -4.64991e-07    1.48758e-10    5.50577e-07    4.17272e-10    2.07102e-07    7.02973e-11   -2.07102e-07    7.02973e-11    9.06923e-08    5.61419e-11    9.06923e-08    5.61419e-11    5.49036e-07    3.45094e-10     2.0342e-07    5.93724e-11    -2.0342e-07    5.93724e-11        0.63811   1000000         1
      0.74    7.61107e-06    2.64616e-09   -3.99525e-07    1.33348e-10    1.66459e-07    8.97419e-11    6.20076e-06    2.58224e-09   -3.97642e-07    1.27971e-10    4.93464e-07    3.58827e-10    1.77109e-07     6.0252e-11   -1.77109e-07     6.0252e-11    7.38081e-08    4.58878e-11    7.38081e-08    4.58878e-11     4.9235e-07    3.01129e-10    1.74206e-07    5.13761e-11   -1.74206e-07    5.13761e-11       0.514846   1000000         1
      0.75    6.65103e-06    2.51434e-09   -3.39476e-07    1.13773e-10    1.35301e-07    7.29182e-11    5.51135e-06    2.42203e-09   -3.38182e-07    1.09191e-10    4.40476e-07    3.46843e-10    1.50626e-07    5.33418e-11   -1.50626e-07    5.33418e-11    5.96355e-08    3.70027e-11    5.96355e-08    3.70027e-11    4.39692e-07     2.9673e-10    1.48384e-07    4.51468e-11   -1.48384e-07    4.51468e-11       0.551444   1000000         1
      0.76    5.79398e-06    2.04232e-09   -2.86899e-07    9.22768e-11    1.09247e-07    5.80381e-11    4.87927e-06    2.00386e-09   -2.86052e-07    8.93332e-11    3.92095e-07    2.84765e-10    1.27444e-07    4.16892e-11   -1.27444e-07    4.16892e-11    4.78388e-08    2.93747e-11    4.78388e-08    2.93747e-11    3.91526e-07    2.45938e-10    1.25729e-07    3.59296e-11   -1.25729e-07    3.59296e-11       0.482051   1000000         1
      0.77    5.02773e-06    1.76292e-09    -2.4113e-07    7.51706e-11    8.76219e-08    4.59525e-11    4.29898e-06    1.73855e-09     -2.406e-07    7.33071e-11    3.47446e-07    2.31294e-10    1.07253e-07    3.35743e-11   -1.07253e-07    3.35743e-11    3.80971e-08    2.31496e-11    3.80971e-08    2.31496e-11    3.47072e-07    2.01985e-10     1.0595e-07    2.92961e-11    -1.0595e-07    2.92961e-11       0.845769   1000000         1
      0.78    4.34349e-06    1.63011e-09   -2.01323e-07    6.64427e-11    6.97126e-08    3.75711e-11    3.76789e-06    1.59373e-09   -2.01034e-07    6.43334e-11    3.06449e-07    2.18473e-10    8.96778e-08    3.01684e-11   -8.96778e-08    3.01684e-11    3.00771e-08    1.86578e-11    3.00771e-08    1.86578e-11    3.06224e-07     1.9391e-10    8.87048e-08    2.64057e-11   -8.87048e-08    2.64057e-11       0.483466   1000000         1
      0.79    3.73429e-06    1.39934e-09   -1.66901e-07     5.2426e-11    5.49904e-08    2.89036e-11    3.28378e-06    1.37197e-09   -1.66781e-07    5.14226e-11    2.68985e-07    1.87093e-10    7.44744e-08    2.39772e-11   -7.44744e-08    2.39772e-11    2.35261e-08    1.42831e-11    2.35261e-08    1.42831e-11    2.68867e-07    1.67701e-10    7.37572e-08    2.10849e-11   -7.37572e-08    2.10849e-11       0.458653   1000000         1
       0.8    3.19342e-06    1.36396e-09   -1.37284e-07     4.8527e-11    4.29622e-08    2.43009e-11    2.84441e-06    1.31775e-09   -1.37279e-07    4.65566e-11    2.34836e-07    1.79432e-10    6.13811e-08    2.32265e-11   -6.13811e-08    2.32265e-11    1.82124e-08    1.17435e-11    1.82124e-08    1.17435e-11    2.34792e-07      1.634e-10    6.08611e-08    2.00841e-11   -6.08611e-08    2.00841e-11        0.44988   1000000         1
      0.81    2.71393e-06    1.05187e-09   -1.11936e-07    3.47592e-11    3.32095e-08    1.73467e-11    2.44661e-06    1.03308e-09   -1.12003e-07    3.41581e-11    2.03769e-07    1.43613e-10    5.01563e-08    1.61328e-11   -5.01563e-08    1.61328e-11     1.3938e-08    8.40757e-12     1.3938e-08    8.40757e-12    2.03779e-07     1.3165e-10    4.97886e-08    1.43016e-11   -4.97886e-08    1.43016e-11       0.437085   1000000         1
      0.82    2.29083e-06    9.91243e-10   -9.03838e-08    3.17026e-11    2.53685e-08    1.44789e-11    2.08865e-06    9.69433e-10   -9.04938e-08    3.09726e-11    1.75664e-07    1.33583e-10    4.06026e-08    1.48832e-11   -4.06026e-08    1.48832e-11    1.05315e-08    6.88647e-12    1.05315e-08    6.88647e-12    1.75705e-07    1.23872e-10    4.03484e-08    1.32739e-11   -4.03484e-08    1.32739e-11       0.386903    900000         0
      0.83    1.91841e-06    9.61456e-10   -7.21788e-08    2.82553e-11     1.9119e-08    1.25118e-11    1.76768e-06    9.46545e-10   -7.23095e-08    2.75996e-11    1.50246e-07    1.32646e-10    3.25169e-08    1.31916e-11   -3.25169e-08    1.31916e-11    7.84302e-09    5.90965e-12    7.84302e-09    5.90965e-12    1.50307e-07    1.24057e-10    3.23472e-08    1.17643e-11   -3.23472e-08    1.17643e-11       0.308422    700000         0
      0.84    1.59203e-06    9.00895e-10    -5.6928e-08    2.67643e-11    1.41938e-08    1.12503e-11    1.48144e-06    8.91712e-10   -5.70626e-08    2.60375e-11    1.27427e-07    1.18972e-10    2.57303e-08    1.20422e-11   -2.57303e-08    1.20422e-11    5.74675e-09     5.2494e-12    5.74675e-09     5.2494e-12    1.27496e-07    1.12069e-10     2.5621e-08    1.07105e-11    -2.5621e-08    1.07105e-11        0.22636    500000         0
      0.85    1.30743e-06     9.3777e-10   -4.42714e-08    2.42728e-11     1.0359e-08    8.84476e-12     1.2278e-06    9.18265e-10   -4.43983e-08    2.31491e-11    1.06943e-07    1.24157e-10    2.00821e-08    1.27241e-11   -2.00821e-08    1.27241e-11    4.13373e-09    3.91842e-12    4.13373e-09    3.91842e-12    1.07015e-07    1.18248e-10    2.00161e-08    1.13274e-11   -2.00161e-08    1.13274e-11       0.224079    500000         0
      0.86    1.06115e-06    9.15588e-10   -3.38637e-08    2.71964e-11    7.40948e-09    9.23431e-12    1.00497e-06    9.04305e-10   -3.39788e-08    2.63067e-11    8.88585e-08    1.11662e-10    1.54273e-08    1.19783e-11   -1.54273e-08    1.19783e-11    2.91027e-09    4.09955e-12    2.91027e-09    4.09955e-12    8.89239e-08    1.07157e-10    1.53906e-08    1.09518e-11   -1.53906e-08    1.09518e-11       0.133547    300000         0
      0.87    8.49515e-07    7.28665e-10   -2.54212e-08    2.02229e-11    5.18129e-09    6.41784e-12    8.10825e-07    7.20909e-10   -2.55196e-08    1.95454e-11     7.2904e-08    9.08419e-11    1.16404e-08    8.94439e-12   -1.16404e-08    8.94439e-12    1.99932e-09    2.79894e-12    1.99932e-09    2.79894e-12      7.296e-08    8.77094e-11    1.16226e-08    8.18898e-12   -1.16226e-08    8.18898e-12       0.130876    300000         0
      0.88    6.68697e-07     5.9972e-10    -1.8662e-08    1.54299e-11    3.52695e-09    4.47317e-12    6.42809e-07    5.93646e-10   -1.87427e-08    1.49502e-11    5.88644e-08    7.51245e-11    8.59474e-09      6.869e-12   -8.59474e-09      6.869e-12    1.33432e-09    1.90631e-12    1.33432e-09    1.90631e-12    5.89112e-08    7.30111e-11    8.58877e-09    6.33809e-12   -8.58877e-09    6.33809e-12       0.129509    300000         0
      0.89    5.16105e-07    8.64682e-10   -1.33423e-08    2.31144e-11    2.32564e-09    5.23316e-12    4.99357e-07    8.46725e-10   -1.34059e-08     2.2609e-11    4.66886e-08    9.67532e-11     6.1868e-09    1.05458e-11    -6.1868e-09    1.05458e-11    8.60491e-10    2.10155e-12    8.60491e-10    2.10155e-12    4.67258e-08     9.5159e-11     6.1875e-09    1.01155e-11    -6.1875e-09    1.01155e-11      0.0888927    200000         0
       0.9    3.88784e-07    7.00785e-10   -9.23882e-09     1.7013e-11    1.47605e-09    3.45718e-12    3.78381e-07     6.8812e-10   -9.28687e-09    1.67106e-11    3.62138e-08    7.99638e-11     4.3185e-09    7.85589e-12    -4.3185e-09    7.85589e-12    5.32573e-10    1.34722e-12    5.32573e-10    1.34722e-12    3.62423e-08    7.89632e-11    4.32243e-09    7.58475e-12   -4.32243e-09    7.58475e-12      0.0785019    200000         0
      0.91    2.84286e-07     5.1111e-10   -6.15075e-09    1.13111e-11    8.93877e-10    2.09059e-12    2.78138e-07    5.03649e-10    -6.1852e-09    1.11351e-11    2.73421e-08    5.99579e-11    2.90298e-09    5.26988e-12   -2.90298e-09    5.26988e-12    3.13343e-10     7.9113e-13    3.13343e-10     7.9113e-13    2.73626e-08    5.93688e-11    2.90781e-09    5.10592e-12   -2.90781e-09    5.10592e-12      0.0853587    200000         0
      0.92    2.00219e-07    4.02832e-10   -3.89749e-09    8.02987e-12    5.10526e-10    1.29788e-12    1.96805e-07    3.97817e-10   -3.92083e-09    7.93183e-12    1.99574e-08    4.77276e-11    1.86145e-09    3.79825e-12   -1.86145e-09    3.79825e-12    1.73071e-10     4.7029e-13    1.73071e-10     4.7029e-13    1.99713e-08    4.74144e-11    1.86593e-09     3.7041e-12   -1.86593e-09     3.7041e-12      0.0783728    200000         0
      0.93    1.34194e-07    2.98558e-10   -2.31477e-09    5.30586e-12     2.7016e-10    7.44189e-13    1.32444e-07    2.95565e-10   -2.32953e-09    5.26278e-12    1.39303e-08    3.55773e-11    1.12213e-09    2.54531e-12   -1.12213e-09    2.54531e-12    8.80399e-11    2.57196e-13    8.80399e-11    2.57196e-13     1.3939e-08    3.54338e-11    1.12566e-09    2.49929e-12   -1.12566e-09    2.49929e-12      0.0749905    200000         0
      0.94    8.41744e-08    1.89933e-10   -1.26109e-09    2.95802e-12    1.29241e-10      3.599e-13    8.33691e-08    1.88521e-10   -1.26962e-09    2.94247e-12    9.15917e-09    2.34928e-11    6.23191e-10     1.4459e-12   -6.23191e-10     1.4459e-12    4.01655e-11    1.18096e-13    4.01655e-11    1.18096e-13    9.16417e-09    2.34323e-11    6.25613e-10    1.42591e-12   -6.25613e-10    1.42591e-12      0.0844146    200000         0
      0.95    4.80083e-08    1.25802e-10   -6.07408e-10    1.65805e-12    5.36174e-11    1.68619e-13    4.76895e-08    1.25115e-10   -6.11742e-10    1.65346e-12    5.52765e-09    1.61737e-11    3.08056e-10    8.36046e-13   -3.08056e-10    8.36046e-13    1.57131e-11    5.14034e-14    1.57131e-11    5.14034e-14    5.53015e-09    1.61531e-11    3.09482e-10    8.28248e-13   -3.09482e-10    8.28248e-13         0.0797    200000         0
      0.96    2.36957e-08    7.25414e-11   -2.42592e-10    7.82417e-13     1.7957e-11    6.54074e-14    2.35949e-08     7.2273e-11   -2.44412e-10    7.81876e-13    2.92885e-09    9.87586e-12    1.27735e-10    4.11982e-13   -1.27735e-10    4.11982e-13    4.87898e-12    1.82048e-14    4.87898e-12    1.82048e-14    2.92987e-09    9.87109e-12    1.28422e-10    4.09657e-13   -1.28422e-10    4.09657e-13      0.0871566    200000         0
      0.97    9.11394e-09    3.19554e-11   -7.02595e-11    2.74179e-13    4.19329e-12    1.85913e-14     9.0921e-09    3.18823e-11   -7.08135e-11     2.7441e-13    1.23773e-09    4.61356e-12     3.9267e-11    1.52338e-13    -3.9267e-11    1.52338e-13    1.02771e-12    4.62721e-15    1.02771e-12    4.62721e-15    1.23803e-09    4.61364e-12    3.95097e-11    1.51969e-13   -3.95097e-11    1.51969e-13      0.0860064    200000         0
      0.98    2.15605e-09      4.709e-10   -1.13198e-11    2.64415e-12    5.20377e-13    1.29645e-13    2.15366e-09     4.7038e-10    -1.1403e-11     2.6601e-12    3.37005e-10    7.36109e-11    7.10482e-12    1.62372e-12   -7.10482e-12    1.62372e-12    1.08469e-13    2.75578e-14    1.08469e-13    2.75578e-14    3.37058e-10    7.36219e-11    7.14845e-12    1.63064e-12   -7.14845e-12    1.63064e-12      0.0412891    100000         0
      0.99    7.04636e-11    4.97969e-11   -1.43786e-13    1.01669e-13    5.83714e-15     4.1276e-15    7.04428e-11    4.97822e-11   -1.44431e-13    1.02125e-13     1.5177e-11    1.07271e-11    1.54202e-13    1.09033e-13   -1.54202e-13    1.09033e-13    8.46484e-16    5.98579e-16    8.46484e-16    5.98579e-16     1.5178e-11    1.07277e-11    1.54894e-13    1.09522e-13   -1.54894e-13    1.09522e-13      0.0377519    100000         0
