    xB<0.2    <dsig|+1,0>         err[1]    <dsig|+2,0>         err[2]      <ALL|0,0>         err[3]     <ALL|+1,0>         err[4]   <dsig|0,+1>          err[5]   <dsig|+1,-1>         err[6]    dsig|+1,+1>         err[7]  <dsig|+2,+1>          err[8]  <dsig|+2,-1>          err[9]     <ALL|0,+1>        err[10]    <ALL|+1,-1>        err[11]    <ALL|+1,+1>        err[12]        time[s]     neval      fail
         0              0     7.0217e-19              0     7.0217e-19              0     7.0217e-19              0     7.0217e-19              0     7.0217e-19              0     7.0217e-19              0     7.0217e-19              0     7.0217e-19              0     7.0217e-19              0     7.0217e-19              0     7.0217e-19              0     7.0217e-19              0     7.0217e-19      0.0257648    100000         0
     0.001              0     7.0217e-19              0     7.0217e-19              0     7.0217e-19              0     7.0217e-19              0     7.0217e-19              0     7.0217e-19              0     7.0217e-19              0     7.0217e-19              0     7.0217e-19              0     7.0217e-19              0     7.0217e-19              0     7.0217e-19              0     7.0217e-19      0.0242324    100000         0
     0.002        3.91694     0.00195922       0.232831    0.000159179       0.159813     0.00017914      -0.218726    0.000216693    -0.00614707    3.65975e-06       0.365622     0.00025843       -0.14361    0.000104098        0.14361    0.000104098      0.0314044     2.8116e-05      0.0314044     2.8116e-05     -0.0175211    1.31694e-05     0.00321358    1.46587e-06    -0.00321358    1.46587e-06       0.326731   1000000         1
     0.003        4.81469     0.00260709       0.373279    0.000283674       0.312623     0.00038087      -0.253873    0.000241865      -0.009441    5.65502e-06       0.359519    0.000276931      -0.227159    0.000184453       0.227159    0.000184453      0.0620371    6.01622e-05      0.0620371    6.01622e-05     -0.0206941     1.5233e-05     0.00493333    2.45535e-06    -0.00493333    2.45535e-06       0.375751   1000000         1
     0.004        4.76729     0.00270926       0.408143    0.000317586       0.377129      0.0004749      -0.238706    0.000221736     -0.0103359    6.02961e-06        0.30407    0.000248891      -0.245803    0.000205518       0.245803    0.000205518      0.0754844    7.51736e-05      0.0754844    7.51736e-05     -0.0196718     1.4265e-05     0.00539516    2.71946e-06    -0.00539516    2.71946e-06        0.36709   1000000         1
     0.005        4.48942     0.00252498       0.404331    0.000306163       0.399362    0.000504581      -0.215576    0.000194027     -0.0103975    5.75184e-06       0.252742    0.000218632      -0.241476    0.000197172       0.241476    0.000197172      0.0805476    7.98957e-05      0.0805476    7.98957e-05     -0.0178998    1.25274e-05     0.00542047    2.65483e-06    -0.00542047    2.65483e-06        0.36926   1000000         1
     0.006        4.16454      0.0024612       0.386403    0.000297619       0.401662    0.000517065      -0.193236    0.000171001     -0.0101435    5.55891e-06       0.210992    0.000203001      -0.229187    0.000191072       0.229187    0.000191072      0.0815614    8.24097e-05      0.0815614    8.24097e-05     -0.0161327    1.11638e-05     0.00528126    2.66155e-06    -0.00528126    2.66155e-06        0.36392   1000000         1
     0.007        3.84831     0.00236453       0.363859    0.000284834       0.394298    0.000513615      -0.173498    0.000151163    -0.00976964    5.33842e-06       0.177753    0.000191183      -0.214582    0.000182681       0.214582    0.000182681      0.0805534    8.24579e-05      0.0805534    8.24579e-05     -0.0145447    9.97994e-06     0.00508017    2.62459e-06    -0.00508017    2.62459e-06       0.387941   1000000         1
     0.008        3.55739     0.00231567       0.340548    0.000277207       0.382289    0.000506461       -0.15647    0.000134988    -0.00935773    5.17354e-06       0.151205    0.000182046      -0.199857     0.00017826       0.199857     0.00017826      0.0785279    8.20415e-05      0.0785279    8.20415e-05     -0.0131589    9.09404e-06     0.00486012    2.58219e-06    -0.00486012    2.58219e-06        0.56041   1000000         1
     0.009        3.29522     0.00211956       0.318116    0.000254536       0.368193    0.000484812      -0.141841    0.000120122    -0.00894376    4.86395e-06       0.129783     0.00016763      -0.185915    0.000163548       0.185915    0.000163548      0.0760111    7.88588e-05      0.0760111    7.88588e-05     -0.0119586    8.09054e-06     0.00463963    2.45757e-06    -0.00463963    2.45757e-06       0.435713   1000000         1
      0.01        3.06081     0.00199665       0.297154    0.000239117       0.353424    0.000466331      -0.129241    0.000108409    -0.00854401    4.65573e-06       0.112289    0.000157653      -0.173039      0.0001538       0.173039      0.0001538      0.0732919    7.62736e-05      0.0732919    7.62736e-05     -0.0109181    7.33359e-06     0.00442746    2.38004e-06    -0.00442746    2.38004e-06       0.436793   1000000         1
     0.011        2.85116     0.00189297       0.277853    0.000226133       0.338633    0.000447913      -0.118323    9.82882e-05    -0.00816481    4.48837e-06      0.0978435    0.000148728      -0.161294    0.000145649       0.161294    0.000145649      0.0705179    7.36914e-05      0.0705179    7.36914e-05      -0.010012    6.71328e-06     0.00422647    2.31334e-06    -0.00422647    2.31334e-06       0.431696   1000000         1
     0.012        2.66348     0.00181073       0.260176    0.000215202       0.324236    0.000431094      -0.108807    8.99857e-05    -0.00780868    4.35694e-06      0.0857824     0.00014149      -0.150618    0.000138792       0.150618    0.000138792       0.067779    7.13316e-05       0.067779    7.13316e-05     -0.0092187    6.20142e-06     0.00403811    2.26345e-06    -0.00403811    2.26345e-06       0.434362   1000000         1
     0.013        2.49498     0.00171296       0.244057    0.000203517       0.310422    0.000412501       -0.10046    8.25133e-05    -0.00747588    4.20598e-06      0.0756173    0.000133717      -0.140945    0.000131437       0.140945    0.000131437      0.0651233    6.86037e-05      0.0651233    6.86037e-05    -0.00852062    5.72037e-06     0.00386228    2.18871e-06    -0.00386228    2.18871e-06       0.448432   1000000         1
     0.014        2.34341     0.00162914       0.229344    0.000193148       0.297324    0.000395325     -0.0930922    7.59618e-05    -0.00716545     4.0752e-06      0.0669884     0.00012709      -0.132164    0.000124934       0.132164    0.000124934      0.0625798     6.6059e-05      0.0625798     6.6059e-05    -0.00790234     5.3077e-06     0.00369871    2.12965e-06    -0.00369871    2.12965e-06       0.498897   1000000         1
     0.015        2.20633     0.00154876       0.215918    0.000183476       0.284941    0.000378635     -0.0865525    7.02031e-05    -0.00687587     3.9559e-06      0.0595825    0.000120853      -0.124195    0.000118834       0.124195    0.000118834      0.0601563    6.35643e-05      0.0601563    6.35643e-05    -0.00735235    4.94833e-06     0.00354623    2.07148e-06    -0.00354623    2.07148e-06         0.4483   1000000         1
     0.016        2.04518     0.00144679       0.199659    0.000171555       0.269552    0.000356994     -0.0800086    6.50115e-05     -0.0065573    3.80677e-06      0.0508171    0.000112079      -0.114304    0.000110804       0.114304    0.000110804      0.0571619    6.02356e-05      0.0571619    6.02356e-05    -0.00677651    4.58927e-06     0.00337586    1.99132e-06    -0.00337586    1.99132e-06       0.466862   1000000         1
     0.017        1.87055     0.00131116        0.18169    0.000156714       0.252102     0.00032976     -0.0736177    5.97772e-05    -0.00622232    3.61692e-06      0.0415024    0.000101258      -0.103248    0.000100486       0.103248    0.000100486      0.0537742    5.59484e-05      0.0537742    5.59484e-05     -0.0061964    4.22528e-06     0.00319493    1.87822e-06    -0.00319493    1.87822e-06       0.511674   1000000         1
     0.018        1.71757     0.00119486       0.165865    0.000144131        0.23623    0.000305089     -0.0679972    5.55851e-05    -0.00591758    3.45706e-06      0.0338524     9.1921e-05     -0.0935723    9.17416e-05      0.0935723    9.17416e-05      0.0506769    5.20756e-05      0.0506769    5.20756e-05    -0.00568842    3.92501e-06     0.00303072    1.78057e-06    -0.00303072    1.78057e-06       0.396366   1000000         1
     0.019        1.58269     0.00108998       0.151857    0.000133124       0.221761    0.000282127     -0.0630184    5.18592e-05    -0.00563898    3.32001e-06      0.0275235    8.37259e-05      -0.085065    8.40736e-05       0.085065    8.40736e-05      0.0478379    4.84849e-05      0.0478379    4.84849e-05    -0.00524057    3.66086e-06      0.0028809    1.68933e-06     -0.0028809    1.68933e-06       0.368098   1000000         1
      0.02        1.46297     0.00102613       0.139387    0.000126087       0.208503    0.000263973     -0.0585838    4.88252e-05    -0.00538317    3.22973e-06      0.0222634     7.7338e-05     -0.0775332    7.91258e-05      0.0775332    7.91258e-05      0.0452243    4.57604e-05      0.0452243    4.57604e-05    -0.00484331    3.46265e-06     0.00274365    1.63271e-06    -0.00274365    1.63271e-06       0.361637   1000000         1
     0.021        1.35631    0.000952463       0.128244    0.000118555       0.196352    0.000245515     -0.0546115     4.6253e-05     -0.0051475    3.16291e-06      0.0178812    7.09935e-05     -0.0708434    7.37387e-05      0.0708434    7.37387e-05      0.0428157     4.2965e-05      0.0428157     4.2965e-05    -0.00448887    3.29166e-06     0.00261759    1.58192e-06    -0.00261759    1.58192e-06       0.361893   1000000         1
     0.022        1.26075    0.000872123       0.118258    0.000110791       0.185178    0.000226593     -0.0510371    4.39931e-05    -0.00492947    3.10086e-06      0.0142072    6.46522e-05     -0.0648862    6.82362e-05      0.0648862    6.82362e-05      0.0405903    4.00352e-05      0.0405903    4.00352e-05    -0.00417144    3.13074e-06     0.00250118    1.53337e-06    -0.00250118    1.53337e-06       0.362355   1000000         1
     0.023        1.17475     0.00084326       0.109265    0.000107789       0.174873    0.000213836      -0.047806    4.21615e-05     -0.0047272    3.10586e-06      0.0111212    6.00386e-05     -0.0595509    6.59021e-05      0.0595509    6.59021e-05      0.0385279    3.83243e-05      0.0385279    3.83243e-05     -0.0038856    3.02467e-06     0.00239345    1.52393e-06    -0.00239345    1.52393e-06       0.388499   1000000         1
     0.024        1.09706    0.000806362       0.101144    0.000104345        0.16534    0.000200679     -0.0448756    4.07457e-05    -0.00453911    3.14444e-06     0.00852572     5.5443e-05     -0.0547624    6.31258e-05      0.0547624    6.31258e-05      0.0366116    3.65723e-05      0.0366116    3.65723e-05     -0.0036275    2.94721e-06     0.00229344    1.52953e-06    -0.00229344    1.52953e-06       0.413681   1000000         1
     0.025        1.02664    0.000783984      0.0937863    0.000102393       0.156521    0.000189743     -0.0422065    3.96687e-05    -0.00436358    3.22758e-06      0.0063341    5.13318e-05     -0.0504474    6.12647e-05      0.0504474    6.12647e-05      0.0348297    3.52964e-05      0.0348297    3.52964e-05    -0.00339331     2.9003e-06     0.00220036    1.55963e-06    -0.00220036    1.55963e-06       0.362064   1000000         1
     0.026       0.962457    0.000771344      0.0870932    0.000101424       0.148307    0.000180397     -0.0397671    3.89427e-05    -0.00419943    3.35481e-06     0.00448541     4.7507e-05     -0.0465429    5.99193e-05      0.0465429    5.99193e-05       0.033164    3.43958e-05       0.033164    3.43958e-05    -0.00318011    2.87313e-06     0.00211343     1.6101e-06    -0.00211343     1.6101e-06       0.357473   1000000         1
     0.027       0.903924    0.000780133      0.0810033    0.000102621       0.140677    0.000174692     -0.0375312    3.83812e-05    -0.00404553    3.52249e-06     0.00292315    4.43464e-05     -0.0430103    5.99213e-05      0.0430103    5.99213e-05      0.0316097    3.42631e-05      0.0316097    3.42631e-05    -0.00298552    2.87927e-06      0.0020321    1.68625e-06     -0.0020321    1.68625e-06       0.358238   1000000         1
     0.028       0.850267    0.000790363      0.0754319    0.000103914       0.133555    0.000170066      -0.035475    3.79961e-05    -0.00390094    3.70457e-06     0.00160334    4.13574e-05     -0.0397953    5.98947e-05      0.0397953    5.98947e-05      0.0301528    3.43636e-05      0.0301528    3.43636e-05    -0.00280717    2.88963e-06     0.00195584    1.77008e-06    -0.00195584    1.77008e-06       0.356789   1000000         1
     0.029       0.801093    0.000790371      0.0703426    0.000103852       0.126926    0.000164873     -0.0335811    3.74194e-05     -0.0037649    3.81745e-06    0.000485733    3.87662e-05     -0.0368762    5.92176e-05      0.0368762    5.92176e-05      0.0287902    3.41157e-05      0.0287902    3.41157e-05    -0.00264366    2.87761e-06     0.00188422    1.82081e-06    -0.00188422    1.82081e-06        0.35821   1000000         1
      0.03       0.755878    0.000742714      0.0656796    9.83675e-05       0.120731    0.000153567      -0.031831    3.61951e-05    -0.00363668    3.71952e-06   -0.000453341    3.64085e-05     -0.0342151    5.55858e-05      0.0342151    5.55858e-05      0.0275119    3.21498e-05      0.0275119    3.21498e-05     -0.0024931    2.78108e-06     0.00181688    1.76486e-06    -0.00181688    1.76486e-06       0.357302   1000000         1
     0.031       0.714099     0.00065192      0.0613838    8.80252e-05       0.114923    0.000136883     -0.0302088    3.44195e-05    -0.00351546    3.44289e-06     -0.0012468    3.41677e-05     -0.0317761    4.93107e-05      0.0317761    4.93107e-05       0.026308    2.86634e-05       0.026308    2.86634e-05    -0.00235402    2.61853e-06     0.00175333     1.6211e-06    -0.00175333     1.6211e-06       0.359115   1000000         1
     0.032       0.675574    0.000568081       0.057442    7.82927e-05       0.109494    0.000122548     -0.0287043    3.25403e-05    -0.00340099    3.13102e-06    -0.00191281    3.22733e-05      -0.029551    4.36716e-05       0.029551    4.36716e-05      0.0251784    2.54117e-05      0.0251784    2.54117e-05    -0.00222561    2.44625e-06     0.00169342    1.46262e-06    -0.00169342    1.46262e-06        0.36283   1000000         1
     0.033       0.639806    0.000507455      0.0537961    7.08704e-05       0.104381    0.000112478     -0.0273051    3.08077e-05    -0.00329242    2.86467e-06    -0.00246987    3.07433e-05      -0.027503     3.9489e-05       0.027503     3.9489e-05      0.0241104    2.29676e-05      0.0241104    2.29676e-05    -0.00210658    2.29166e-06     0.00163668    1.32956e-06    -0.00163668    1.32956e-06       0.363779   1000000         1
     0.034       0.606665    0.000454214      0.0504355    6.44184e-05      0.0995888    0.000103568     -0.0259999    2.91992e-05    -0.00318943    2.63519e-06    -0.00293364    2.92374e-05     -0.0256256      3.582e-05      0.0256256      3.582e-05      0.0231052     2.0901e-05      0.0231052     2.0901e-05    -0.00199595    2.15663e-06     0.00158298    1.21536e-06    -0.00158298    1.21536e-06       0.376346   1000000         1
     0.035       0.575826    0.000414875      0.0473229    5.93926e-05      0.0950741    9.70062e-05     -0.0247827    2.76741e-05    -0.00309158    2.44289e-06     -0.0033177    2.79916e-05     -0.0238956    3.29881e-05      0.0238956    3.29881e-05      0.0221544     1.9364e-05      0.0221544     1.9364e-05     -0.0018932    2.04173e-06     0.00153201    1.12358e-06    -0.00153201    1.12358e-06       0.538773   1000000         1
     0.036       0.547074     0.00037525       0.044436    5.45302e-05      0.0908212    9.03466e-05     -0.0236428    2.63614e-05    -0.00299839    2.27132e-06    -0.00363558     2.6553e-05     -0.0222992     3.0271e-05      0.0222992     3.0271e-05      0.0212551    1.78359e-05      0.0212551    1.78359e-05    -0.00179729    1.92891e-06     0.00148358    1.03741e-06    -0.00148358    1.03741e-06       0.366947   1000000         1
     0.037       0.520343    0.000334546      0.0417677    4.98102e-05      0.0868227    8.33605e-05     -0.0225761    2.51314e-05    -0.00290984    2.12337e-06    -0.00389069    2.51333e-05     -0.0208321    2.75781e-05      0.0208321    2.75781e-05      0.0204064    1.63441e-05      0.0204064    1.63441e-05    -0.00170792    1.82962e-06     0.00143763    9.63539e-07    -0.00143763    9.63539e-07       0.369359   1000000         1
     0.038        0.49529     0.00031017      0.0392812    4.65017e-05      0.0830359    7.90024e-05     -0.0215757    2.40029e-05    -0.00282528    2.00203e-06    -0.00409616    2.40309e-05     -0.0194714    2.57455e-05      0.0194714    2.57455e-05      0.0195997    1.53797e-05      0.0195997    1.53797e-05    -0.00162436    1.74471e-06      0.0013938    9.05836e-07     -0.0013938    9.05836e-07       0.361185   1000000         1
     0.039       0.471882    0.000285441      0.0369721    4.33067e-05      0.0794643    7.46211e-05     -0.0206361    2.29307e-05    -0.00274461     1.8926e-06    -0.00425764    2.29153e-05     -0.0182142     2.3969e-05      0.0182142     2.3969e-05      0.0188358    1.44308e-05      0.0188358    1.44308e-05    -0.00154619    1.66045e-06     0.00135207    8.52604e-07    -0.00135207    8.52604e-07       0.357979   1000000         1
      0.04       0.449943    0.000268012      0.0348221    4.07525e-05       0.076086    7.12365e-05     -0.0197519    2.19439e-05    -0.00266753    1.79616e-06    -0.00438154    2.19694e-05       -0.01705    2.25636e-05        0.01705    2.25636e-05      0.0181106    1.37174e-05      0.0181106    1.37174e-05    -0.00147291    1.58813e-06     0.00131223    8.07311e-07    -0.00131223    8.07311e-07       0.358365   1000000         1
     0.041       0.429357    0.000250995      0.0328174    3.83583e-05      0.0728888    6.79242e-05     -0.0189193    2.10191e-05    -0.00259379    1.70743e-06    -0.00447321    2.10227e-05     -0.0159704    2.12502e-05      0.0159704    2.12502e-05      0.0174217    1.30266e-05      0.0174217    1.30266e-05    -0.00140417    1.52031e-06     0.00127419    7.65685e-07    -0.00127419    7.65685e-07       0.364004   1000000         1
     0.042        0.41002    0.000234717      0.0309466    3.61247e-05      0.0698589    6.47061e-05      -0.018134    2.01204e-05    -0.00252319    1.62339e-06    -0.00453542    2.01018e-05     -0.0149668    2.00276e-05      0.0149668    2.00276e-05      0.0167663     1.2364e-05      0.0167663     1.2364e-05    -0.00133952    1.45445e-06     0.00123784     7.2605e-07    -0.00123784     7.2605e-07       0.359089   1000000         1
     0.043       0.391829    0.000221859      0.0291982    3.42222e-05      0.0669857    6.19719e-05     -0.0173922    1.92936e-05    -0.00245556    1.54997e-06    -0.00457306    1.92413e-05     -0.0140343    1.89856e-05      0.0140343    1.89856e-05      0.0161427    1.18138e-05      0.0161427    1.18138e-05    -0.00127867     1.3957e-06     0.00120305    6.92136e-07    -0.00120305    6.92136e-07       0.359176   1000000         1
     0.044       0.374726    0.000216624      0.0275654    3.29073e-05      0.0642686    6.03943e-05     -0.0166911    1.85695e-05    -0.00239073    1.48883e-06    -0.00459231     1.8567e-05     -0.0131682    1.82771e-05      0.0131682    1.82771e-05      0.0155503    1.14985e-05      0.0155503    1.14985e-05    -0.00122138    1.34602e-06     0.00116976    6.65619e-07    -0.00116976    6.65619e-07       0.361565   1000000         1
     0.045        0.35858    0.000197697      0.0260358    3.07601e-05      0.0616803    5.67713e-05     -0.0160274    1.78446e-05    -0.00232847    1.42096e-06    -0.00459127    1.76801e-05     -0.0123605    1.70939e-05      0.0123605    1.70939e-05      0.0149844    1.07885e-05      0.0149844    1.07885e-05    -0.00116732     1.2918e-06     0.00113784    6.32027e-07    -0.00113784    6.32027e-07       0.364601   1000000         1
     0.046       0.343354     0.00018761      0.0246046    2.92472e-05      0.0592241    5.44671e-05     -0.0153994    1.71891e-05    -0.00226871    1.36699e-06    -0.00457583    1.69634e-05     -0.0116088    1.62583e-05      0.0116088    1.62583e-05      0.0144454    1.03473e-05      0.0144454    1.03473e-05    -0.00111635    1.24288e-06     0.00110723    6.06502e-07    -0.00110723    6.06502e-07       0.363251   1000000         1
     0.047       0.328985    0.000178527      0.0232627    2.78689e-05      0.0568918    5.23125e-05     -0.0148036    1.65692e-05    -0.00221127    1.31558e-06    -0.00454737    1.62905e-05     -0.0109071    1.55036e-05      0.0109071    1.55036e-05      0.0139314    9.93923e-06      0.0139314    9.93923e-06    -0.00106816    1.19888e-06     0.00107787    5.82729e-07    -0.00107787    5.82729e-07       0.362578   1000000         1
     0.048       0.315395     0.00017045      0.0220035    2.65905e-05       0.054673    5.02983e-05     -0.0142378    1.59753e-05      -0.002156    1.26802e-06     -0.0045083     1.5646e-05     -0.0102521    1.48031e-05      0.0102521    1.48031e-05      0.0134407    9.56516e-06      0.0134407    9.56516e-06    -0.00102255    1.15693e-06     0.00104966    5.60973e-07    -0.00104966    5.60973e-07       0.361903   1000000         1
     0.049       0.302537    0.000164112      0.0208216    2.54611e-05      0.0525602    4.85446e-05     -0.0137008    1.54179e-05    -0.00210284    1.22631e-06     -0.0044593     1.5106e-05    -0.00964041    1.41804e-05     0.00964041    1.41804e-05      0.0129719    9.25282e-06      0.0129719    9.25282e-06   -0.000979405    1.11916e-06     0.00102255    5.42327e-07    -0.00102255    5.42327e-07       0.369516   1000000         1
      0.05       0.290356    0.000155099      0.0197115    2.42626e-05      0.0505473    4.64679e-05       -0.01319     1.4875e-05    -0.00205162    1.17812e-06    -0.00440225    1.44235e-05    -0.00906901    1.35246e-05     0.00906901    1.35246e-05      0.0125237     8.8521e-06      0.0125237     8.8521e-06   -0.000938523    1.07853e-06     0.00099647    5.19334e-07    -0.00099647    5.19334e-07       0.363659   1000000         1
     0.051       0.278806    0.000148629      0.0186666    2.32332e-05      0.0486279     4.4743e-05     -0.0127043    1.43779e-05    -0.00200225    1.13955e-06    -0.00433848    1.38797e-05    -0.00853372    1.29588e-05     0.00853372    1.29588e-05      0.0120948    8.54038e-06      0.0120948    8.54038e-06    -0.00089978    1.04407e-06    0.000971356    5.01757e-07   -0.000971356    5.01757e-07       0.359614   1000000         1
     0.052       0.267858    0.000142237      0.0176843    2.22535e-05      0.0468004    4.30601e-05     -0.0122414    1.39046e-05    -0.00195464     1.1024e-06    -0.00426981    1.33495e-05     -0.0080331    1.24218e-05      0.0080331    1.24218e-05      0.0116848    8.23386e-06      0.0116848    8.23386e-06   -0.000862971    1.01107e-06    0.000947182    4.84713e-07   -0.000947182    4.84713e-07       0.361335   1000000         1
     0.053        0.25747    0.000135736      0.0167604    2.13023e-05      0.0450575    4.13944e-05     -0.0118007    1.34431e-05    -0.00190873    1.06582e-06    -0.00419646    1.28402e-05    -0.00756454    1.18961e-05     0.00756454    1.18961e-05      0.0112925    7.92811e-06      0.0112925    7.92811e-06   -0.000828059    9.77491e-07    0.000923899    4.67554e-07   -0.000923899    4.67554e-07       0.360414   1000000         1
     0.054       0.247596    0.000129596      0.0158893    2.04037e-05      0.0433933    3.97848e-05     -0.0113801    1.30013e-05     -0.0018644    1.03056e-06     -0.0041195    1.23479e-05    -0.00712511    1.14015e-05     0.00712511    1.14015e-05      0.0109166    7.63541e-06      0.0109166    7.63541e-06    -0.00079485    9.46361e-07    0.000901441    4.51141e-07   -0.000901441    4.51141e-07        0.36003   1000000         1
     0.055       0.238204    0.000124875      0.0150684    1.96139e-05       0.041802    3.83973e-05     -0.0109789    1.25662e-05    -0.00182157    9.97636e-07    -0.00403886    1.18963e-05    -0.00671292    1.09647e-05     0.00671292    1.09647e-05       0.010556    7.39046e-06       0.010556    7.39046e-06   -0.000763272    9.16899e-07    0.000879773     4.3667e-07   -0.000879773     4.3667e-07       0.361277   1000000         1
     0.056       0.229276    0.000119054      0.0142942    1.88007e-05      0.0402845     3.6884e-05     -0.0105955    1.21735e-05    -0.00178019     9.6627e-07    -0.00395695    1.14436e-05    -0.00632629    1.05182e-05     0.00632629    1.05182e-05      0.0102107     7.1143e-06      0.0102107     7.1143e-06   -0.000733204    8.88958e-07    0.000858867    4.21843e-07   -0.000858867    4.21843e-07       0.361996   1000000         1
     0.057       0.220773     0.00011387       0.013564    1.80454e-05       0.038833    3.54879e-05     -0.0102294    1.17979e-05    -0.00174019    9.37119e-07    -0.00387323    1.10063e-05    -0.00596351     1.0097e-05     0.00596351     1.0097e-05     0.00987946    6.86175e-06     0.00987946    6.86175e-06   -0.000704595    8.61024e-07    0.000838673    4.07946e-07   -0.000838673    4.07946e-07       0.364998   1000000         1
     0.058       0.212672    0.000109206      0.0128743     1.7352e-05       0.037445     3.4183e-05    -0.00987913    1.14379e-05    -0.00170148    9.08635e-07    -0.00378825    1.05971e-05    -0.00562247    9.71503e-06     0.00562247    9.71503e-06     0.00956151    6.62771e-06     0.00956151    6.62771e-06   -0.000677315    8.36198e-07    0.000819162     3.9491e-07   -0.000819162     3.9491e-07       0.372909   1000000         1
     0.059        0.20495    0.000109888       0.012223    1.69785e-05      0.0361169    3.37187e-05     -0.0095441    1.11184e-05    -0.00166402    8.88025e-07    -0.00370246    1.03191e-05    -0.00530214    9.49209e-06     0.00530214    9.49209e-06     0.00925629    6.57248e-06     0.00925629    6.57248e-06   -0.000651309    8.15371e-07    0.000800301    3.86847e-07   -0.000800301    3.86847e-07       0.370467   1000000         1
      0.06       0.197592    0.000107708      0.0116079    1.64153e-05      0.0348462    3.27795e-05    -0.00922387    1.08152e-05    -0.00162779    8.69971e-07     -0.0036161     9.9887e-06    -0.00500108    9.17395e-06     0.00500108    9.17395e-06     0.00896324    6.42053e-06     0.00896324    6.42053e-06   -0.000626535    7.94568e-07    0.000782082    3.79372e-07   -0.000782082    3.79372e-07       0.362726   1000000         1
     0.061       0.190557    9.87435e-05      0.0110256    1.55507e-05      0.0336284    3.08691e-05    -0.00891625    1.04786e-05    -0.00159263    8.41377e-07       -0.00353    9.52674e-06    -0.00471755    8.70979e-06     0.00471755    8.70979e-06     0.00868146    6.05827e-06     0.00868146    6.05827e-06   -0.000602812    7.68585e-07    0.000764423     3.6473e-07   -0.000764423     3.6473e-07       0.370825   1000000         1
     0.062       0.183851      9.511e-05      0.0104758    1.49896e-05      0.0324635    2.97887e-05    -0.00862181    1.01821e-05     -0.0015586    8.19601e-07    -0.00344409    9.18235e-06    -0.00445119    8.39681e-06     0.00445119    8.39681e-06       0.008411    5.86808e-06       0.008411    5.86808e-06   -0.000580185    7.47166e-07    0.000747353    3.54716e-07   -0.000747353    3.54716e-07        0.52095   1000000         1
     0.063       0.177439    9.18147e-05     0.00995482    1.44613e-05      0.0313466    2.87759e-05    -0.00833945    9.89914e-06    -0.00152561    7.99753e-07    -0.00335874    8.86193e-06     -0.0042001    8.10145e-06      0.0042001    8.10145e-06     0.00815071    5.69236e-06     0.00815071    5.69236e-06   -0.000558562    7.27052e-07    0.000730816    3.45713e-07   -0.000730816    3.45713e-07       0.367333   1000000         1
     0.064       0.171308    8.84744e-05      0.0094618    1.39486e-05      0.0302753    2.77743e-05    -0.00806858    9.62504e-06     -0.0014936    7.79822e-07    -0.00327398    8.54819e-06    -0.00396371    7.81449e-06     0.00396371    7.81449e-06     0.00790032    5.51712e-06     0.00790032    5.51712e-06   -0.000537887    7.07311e-07    0.000714796    3.36509e-07   -0.000714796    3.36509e-07       0.363049   1000000         1
     0.065       0.165451    8.47633e-05     0.00899505     1.3435e-05      0.0292496    2.67433e-05    -0.00780852    9.34981e-06    -0.00146256    7.58133e-07     -0.0031904    8.24424e-06    -0.00374109    7.52594e-06     0.00374109    7.52594e-06     0.00765969    5.33124e-06     0.00765969    5.33124e-06   -0.000518101    6.87035e-07    0.000699278    3.26206e-07   -0.000699278    3.26206e-07       0.365054   1000000         1
     0.066       0.159841    8.46007e-05     0.00855249     1.3105e-05      0.0282644    2.62736e-05    -0.00755868    9.08343e-06    -0.00143241    7.39913e-07    -0.00310753     8.0301e-06    -0.00353104    7.33324e-06     0.00353104    7.33324e-06     0.00742778    5.26625e-06     0.00742778    5.26625e-06   -0.000499155    6.70766e-07    0.000684221    3.19453e-07   -0.000684221    3.19453e-07       0.362845   1000000         1
     0.067       0.154473    7.88216e-05     0.00813302      1.252e-05      0.0273195     2.4927e-05    -0.00731884    8.83146e-06    -0.00140316    7.19284e-07    -0.00302591    7.69684e-06    -0.00333295    7.01601e-06     0.00333295    7.01601e-06     0.00720454    5.01398e-06     0.00720454    5.01398e-06   -0.000481028    6.52079e-07     0.00066963    3.08985e-07    -0.00066963    3.08985e-07       0.362242   1000000         1
     0.068       0.149332    7.60884e-05     0.00773579    1.21004e-05      0.0264125     2.4084e-05    -0.00708833    8.60406e-06    -0.00137476    7.03609e-07    -0.00294558    7.43364e-06     -0.0031464    6.78093e-06      0.0031464    6.78093e-06     0.00698965    4.86687e-06     0.00698965    4.86687e-06   -0.000463671    6.35713e-07    0.000655476    3.01843e-07   -0.000655476    3.01843e-07       0.359941   1000000         1
     0.069       0.144402    7.34218e-05     0.00735852    1.16935e-05      0.0255406     2.3265e-05    -0.00686649    8.38231e-06    -0.00134715    6.88857e-07     -0.0028664    7.17669e-06    -0.00297007    6.55073e-06     0.00297007    6.55073e-06     0.00678237    4.72332e-06     0.00678237    4.72332e-06   -0.000447016    6.18903e-07    0.000641731    2.94961e-07   -0.000641731    2.94961e-07       0.361649   1000000         1
      0.07       0.139673    7.55712e-05     0.00700008    1.15055e-05      0.0247029    2.32094e-05    -0.00665324    8.19375e-06     -0.0013203    6.81628e-07    -0.00278883    7.04061e-06    -0.00280336    6.42734e-06     0.00280336    6.42734e-06     0.00658243    4.74445e-06     0.00658243    4.74445e-06   -0.000431058    6.06498e-07    0.000628381    2.93205e-07   -0.000628381    2.93205e-07       0.363538   1000000         1
     0.071       0.135149    6.93529e-05     0.00666133    1.09603e-05      0.0238998    2.18436e-05    -0.00644782     7.9689e-06    -0.00129424    6.63073e-07    -0.00271284    6.71867e-06    -0.00264686    6.13402e-06     0.00264686    6.13402e-06     0.00639034    4.48548e-06     0.00639034    4.48548e-06   -0.000415746    5.89024e-07    0.000615438     2.8363e-07   -0.000615438     2.8363e-07       0.360815   1000000         1
     0.072       0.130799    6.72312e-05     0.00633911    1.06097e-05      0.0231267    2.11449e-05    -0.00625025    7.77378e-06    -0.00126888    6.50958e-07    -0.00263873      6.496e-06    -0.00249873    5.93475e-06     0.00249873    5.93475e-06     0.00620471    4.36649e-06     0.00620471    4.36649e-06   -0.000401084    5.74588e-07    0.000602849    2.78204e-07   -0.000602849    2.78204e-07        0.36631   1000000         1
     0.073       0.126629    6.56746e-05      0.0060328    1.02868e-05      0.0223829    2.05306e-05    -0.00605974    7.58327e-06     -0.0012442    6.40607e-07    -0.00256486    6.31835e-06    -0.00235847    5.75065e-06     0.00235847    5.75065e-06     0.00602556    4.26928e-06     0.00602556    4.26928e-06    -0.00038694    5.62491e-07    0.000590623    2.74021e-07   -0.000590623    2.74021e-07       0.362964   1000000         1
     0.074       0.122622    6.34787e-05     0.00574195    9.95558e-06      0.0216682    1.98521e-05     -0.0058763    7.39714e-06     -0.0012202    6.27815e-07    -0.00249362    6.10048e-06    -0.00222613    5.56295e-06     0.00222613    5.56295e-06     0.00585279    4.14971e-06     0.00585279    4.14971e-06   -0.000373407    5.48304e-07    0.000578735    2.68205e-07   -0.000578735    2.68205e-07       0.361846   1000000         1
     0.075       0.118774    6.14047e-05     0.00546561    9.64095e-06      0.0209805    1.92015e-05    -0.00569953    7.21789e-06    -0.00119683    6.15522e-07    -0.00242359    5.90782e-06    -0.00210101    5.38496e-06     0.00210101    5.38496e-06     0.00568602    4.03599e-06     0.00568602    4.03599e-06   -0.000360396    5.35625e-07    0.000567177    2.62719e-07   -0.000567177    2.62719e-07       0.360413   1000000         1
     0.076       0.115076    5.92224e-05     0.00520292    9.32546e-06      0.0203188    1.85389e-05    -0.00552905    7.04071e-06    -0.00117408    6.03579e-07    -0.00235545    5.71404e-06    -0.00198277    5.20715e-06     0.00198277    5.20715e-06     0.00552503    3.91955e-06     0.00552503    3.91955e-06   -0.000347899    5.22928e-07    0.000555933    2.57331e-07   -0.000555933    2.57331e-07       0.359933   1000000         1
     0.077       0.111517    5.93695e-05     0.00495278    9.11674e-06      0.0196812    1.82792e-05    -0.00536459    6.87669e-06    -0.00115191    5.95611e-07    -0.00228892    5.57649e-06    -0.00187076    5.08043e-06     0.00187076    5.08043e-06     0.00536938    3.88771e-06     0.00536938    3.88771e-06   -0.000335886    5.11107e-07    0.000544987    2.54676e-07   -0.000544987    2.54676e-07       0.386348   1000000         1
     0.078       0.108099    5.57493e-05     0.00471552    8.75864e-06      0.0190681    1.73911e-05    -0.00520591    6.70918e-06    -0.00113033    5.83443e-07    -0.00222402    5.35471e-06    -0.00176513    4.88279e-06     0.00176513    4.88279e-06     0.00521929    3.72188e-06     0.00521929    3.72188e-06   -0.000324333    4.98168e-07    0.000534347    2.48474e-07   -0.000534347    2.48474e-07       0.397755   1000000         1
     0.079        0.10481    5.41981e-05     0.00448949    8.49368e-06      0.0184772    1.68574e-05    -0.00505263     6.5572e-06     -0.0011093    5.75219e-07    -0.00216018    5.20018e-06    -0.00166491     4.7311e-06     0.00166491     4.7311e-06     0.00507412    3.63157e-06     0.00507412    3.63157e-06   -0.000313188    4.87377e-07    0.000523989    2.44854e-07   -0.000523989    2.44854e-07       0.363729   1000000         1
      0.08       0.101648    5.30324e-05     0.00427439    8.24857e-06      0.0179087    1.63816e-05    -0.00490471    6.41025e-06    -0.00108881    5.68161e-07    -0.00209834     5.0782e-06    -0.00157006    4.59182e-06     0.00157006    4.59182e-06     0.00493396    3.55499e-06     0.00493396    3.55499e-06   -0.000302477    4.78345e-07    0.000513908    2.42045e-07   -0.000513908    2.42045e-07       0.362746   1000000         1
     0.081      0.0985969    5.14013e-05     0.00406993    7.99593e-06        0.01736    1.58691e-05    -0.00476198    6.26839e-06    -0.00106883    5.60081e-07    -0.00203854    4.88577e-06    -0.00148059    4.44538e-06     0.00148059    4.44538e-06     0.00479835    3.46628e-06     0.00479835    3.46628e-06   -0.000292208    4.66102e-07    0.000504077    2.38471e-07   -0.000504077    2.38471e-07       0.359924   1000000         1
     0.082      0.0956636    5.03513e-05     0.00387506    7.77006e-06      0.0168316    1.54407e-05    -0.00462397    6.13512e-06    -0.00104935    5.54219e-07    -0.00197976    4.75006e-06    -0.00139571    4.31481e-06     0.00139571    4.31481e-06     0.00466727    3.39749e-06     0.00466727    3.39749e-06   -0.000282284    4.56556e-07    0.000494506    2.36181e-07   -0.000494506    2.36181e-07       0.359876   1000000         1
     0.083      0.0928375    4.91759e-05      0.0036896    7.54723e-06      0.0163222    1.50022e-05    -0.00449054      6.005e-06    -0.00103036    5.48137e-07    -0.00192262    4.61518e-06    -0.00131536    4.18688e-06     0.00131536    4.18688e-06     0.00454053    3.32511e-06     0.00454053    3.32511e-06   -0.000272719    4.47275e-07    0.000485186    2.33732e-07   -0.000485186    2.33732e-07       0.362974   1000000         1
     0.084      0.0901133     4.7945e-05     0.00351285    7.32827e-06      0.0158307    1.45655e-05     -0.0043617    5.87811e-06    -0.00101182    5.42296e-07    -0.00186695    4.48216e-06    -0.00123917    4.06144e-06     0.00123917    4.06144e-06     0.00441782    3.25179e-06     0.00441782    3.25179e-06    -0.00026352    4.38098e-07    0.000476097    2.31324e-07   -0.000476097    2.31324e-07       0.362422   1000000         1
     0.085      0.0874892    4.67897e-05     0.00334442     7.1186e-06      0.0153573    1.41503e-05    -0.00423702    5.75531e-06   -0.000993733    5.36564e-07    -0.00181298    4.35618e-06    -0.00116702     3.9409e-06     0.00116702     3.9409e-06     0.00429922    3.18236e-06     0.00429922    3.18236e-06   -0.000254648    4.29273e-07    0.000467238    2.29007e-07   -0.000467238    2.29007e-07       0.359941   1000000         1
     0.086      0.0849572    4.54904e-05     0.00318427    6.90457e-06      0.0148998    1.37094e-05    -0.00411652    5.63073e-06    -0.00097609    5.30287e-07    -0.00176027     4.2432e-06    -0.00109884     3.8187e-06     0.00109884     3.8187e-06     0.00418436    3.10505e-06     0.00418436    3.10505e-06   -0.000246102    4.20455e-07    0.000458603    2.26187e-07   -0.000458603    2.26187e-07       0.366747   1000000         1
     0.087      0.0825115    4.59937e-05     0.00303165    6.78258e-06       0.014457    1.35964e-05    -0.00399982    5.51067e-06   -0.000958842     5.2605e-07    -0.00170849    4.14763e-06    -0.00103417    3.73888e-06     0.00103417    3.73888e-06     0.00407288    3.10111e-06     0.00407288    3.10111e-06   -0.000237851    4.11442e-07    0.000450169    2.24956e-07   -0.000450169    2.24956e-07        0.36243   1000000         1
     0.088      0.0801597    4.33554e-05     0.00288584    6.51668e-06      0.0140326    1.29481e-05    -0.00388711    5.39495e-06   -0.000942027    5.18954e-07    -0.00165934    4.00025e-06   -0.000972759    3.59499e-06    0.000972759    3.59499e-06     0.00396549    2.97677e-06     0.00396549    2.97677e-06   -0.000229928    4.02695e-07    0.000441955    2.21654e-07   -0.000441955    2.21654e-07       0.362229   1000000         1
     0.089      0.0778861    4.21849e-05       0.002747    6.32761e-06      0.0136216    1.25686e-05    -0.00377788    5.28655e-06   -0.000925601    5.14701e-07    -0.00161112    3.87193e-06   -0.000914642    3.48454e-06    0.000914642    3.48454e-06     0.00386125      2.911e-06     0.00386125      2.911e-06   -0.000222265    3.93799e-07    0.000433938    2.19852e-07   -0.000433938    2.19852e-07       0.461948   1000000         1
      0.09      0.0756935    4.13122e-05     0.00261468    6.15389e-06      0.0132251    1.22352e-05    -0.00367214    5.18585e-06   -0.000909561    5.11697e-07    -0.00156423     3.7675e-06    -0.00085962     3.3842e-06     0.00085962     3.3842e-06     0.00376038    2.85578e-06     0.00376038    2.85578e-06   -0.000214869    3.86245e-07    0.000426116    2.18744e-07   -0.000426116    2.18744e-07       0.363741   1000000         1
     0.091       0.073573    4.06744e-05      0.0024884    5.98905e-06       0.012841    1.19399e-05    -0.00356968    5.08676e-06   -0.000893881    5.08901e-07    -0.00151825     3.6724e-06   -0.000807418    3.28859e-06    0.000807418    3.28859e-06     0.00366242    2.80949e-06     0.00366242    2.80949e-06   -0.000207716    3.79088e-07    0.000418476    2.17836e-07   -0.000418476    2.17836e-07       0.362244   1000000         1
     0.092      0.0715303    3.99049e-05     0.00236803    5.82567e-06      0.0124713    1.16343e-05    -0.00347044    4.99121e-06   -0.000878577    5.06311e-07    -0.00147386    3.57877e-06   -0.000757904    3.19416e-06    0.000757904    3.19416e-06     0.00356777    2.75962e-06     0.00356777    2.75962e-06   -0.000200812    3.72135e-07    0.000411028     2.1694e-07   -0.000411028     2.1694e-07        0.36271   1000000         1
     0.093      0.0695542    3.92235e-05     0.00225314    5.66976e-06      0.0121135    1.13487e-05    -0.00337429    4.89924e-06   -0.000863608    5.04166e-07    -0.00143066    3.48934e-06   -0.000710959     3.1041e-06    0.000710959     3.1041e-06     0.00347591    2.71377e-06     0.00347591    2.71377e-06    -0.00019415    3.65512e-07    0.000403748    2.16292e-07   -0.000403748    2.16292e-07       0.363182   1000000         1
     0.094      0.0676478    3.87446e-05     0.00214364    5.52297e-06      0.0117684    1.10931e-05    -0.00328114    4.80837e-06   -0.000848987    5.02656e-07    -0.00138877    3.43306e-06   -0.000666467    3.02038e-06    0.000666467    3.02038e-06     0.00338701    2.67412e-06     0.00338701    2.67412e-06   -0.000187714    3.60343e-07    0.000396646    2.15972e-07   -0.000396646    2.15972e-07       0.360866   1000000         1
     0.095      0.0657989    3.79598e-05      0.0020391    5.36966e-06      0.0114335     1.0796e-05    -0.00319093    4.71346e-06   -0.000834678    4.99745e-07    -0.00134814    3.35703e-06   -0.000624337    2.93281e-06    0.000624337    2.93281e-06     0.00330055    2.62407e-06     0.00330055    2.62407e-06   -0.000181519    3.54192e-07    0.000389694    2.14872e-07   -0.000389694    2.14872e-07       0.359416   1000000         1
     0.096      0.0640157    3.69187e-05      0.0019393    5.21297e-06      0.0111108     1.0483e-05    -0.00310348    4.62926e-06   -0.000820689     4.9706e-07    -0.00130873    3.23338e-06   -0.000584271    2.84072e-06    0.000584271    2.84072e-06     0.00321691    2.56823e-06     0.00321691    2.56823e-06   -0.000175529    3.45454e-07     0.00038291    2.13691e-07    -0.00038291    2.13691e-07       0.361604   1000000         1
     0.097      0.0622907    3.64422e-05     0.00184399    5.07718e-06      0.0107984    1.02515e-05    -0.00301859    4.54184e-06   -0.000807011    4.94543e-07    -0.00127023    3.16546e-06   -0.000546224     2.7627e-06    0.000546224     2.7627e-06      0.0031357    2.53091e-06      0.0031357    2.53091e-06   -0.000169718    3.39711e-07    0.000376284    2.13011e-07   -0.000376284    2.13011e-07       0.380066   1000000         1
     0.098      0.0606195    3.57255e-05      0.0017533    4.94004e-06       0.010496    9.99814e-06    -0.00293642    4.46454e-06   -0.000793634    4.93344e-07    -0.00123329    3.06309e-06   -0.000510392    2.68198e-06    0.000510392    2.68198e-06     0.00305691    2.48786e-06     0.00305691    2.48786e-06    -0.00016415    3.32132e-07    0.000369801      2.126e-07   -0.000369801      2.126e-07       0.366242   1000000         1
     0.099      0.0590079    3.50399e-05     0.00166647    4.80602e-06      0.0102042    9.74413e-06    -0.00285653     4.3864e-06   -0.000780551    4.91586e-07    -0.00119699    2.98997e-06   -0.000476261    2.60513e-06    0.000476261    2.60513e-06      0.0029806    2.44484e-06      0.0029806    2.44484e-06   -0.000158715     3.2654e-07    0.000363473    2.12011e-07   -0.000363473    2.12011e-07       0.372483   1000000         1
       0.1      0.0574472      3.458e-05     0.00158358    4.67983e-06      0.0099217    9.53214e-06    -0.00277899    4.31257e-06    -0.00076775     4.9139e-07    -0.00116181    2.92246e-06    -0.00044383    2.53223e-06     0.00044383    2.53223e-06     0.00290649    2.41144e-06     0.00290649    2.41144e-06   -0.000153462    3.21053e-07    0.000357286     2.1216e-07   -0.000357286     2.1216e-07       0.362472   1000000         1
     0.101      0.0559346    3.42552e-05     0.00150455    4.56341e-06     0.00964785    9.34882e-06    -0.00270385    4.24322e-06   -0.000755222    4.91693e-07    -0.00112765    2.86068e-06   -0.000413188    2.46476e-06    0.000413188    2.46476e-06     0.00283449    2.38414e-06     0.00283449    2.38414e-06   -0.000148399    3.16017e-07    0.000351232     2.1263e-07   -0.000351232     2.1263e-07       0.452311   1000000         1
     0.102      0.0544717    3.40523e-05     0.00142894    4.45295e-06     0.00938316    9.18073e-06    -0.00263084    4.16763e-06   -0.000742962      4.914e-07    -0.00109457    2.83745e-06   -0.000384073    2.40302e-06    0.000384073    2.40302e-06     0.00276466    2.35994e-06     0.00276466    2.35994e-06   -0.000143496    3.13025e-07    0.000345313    2.12901e-07   -0.000345313    2.12901e-07       0.503113   1000000         1
     0.103      0.0530537    3.36458e-05      0.0013568    4.33748e-06      0.0091271    8.99422e-06    -0.00256021    4.10471e-06   -0.000730956    4.91765e-07    -0.00106281    2.76777e-06   -0.000356417    2.33635e-06    0.000356417    2.33635e-06     0.00269689    2.33039e-06     0.00269689    2.33039e-06   -0.000138792    3.07321e-07    0.000339523    2.13268e-07   -0.000339523    2.13268e-07       0.474906   1000000         1
     0.104      0.0516845     3.3244e-05     0.00128786    4.22588e-06     0.00887927    8.80993e-06    -0.00249124    4.04206e-06   -0.000719211    4.92611e-07     -0.0010313    2.71078e-06    -0.00033017     2.2718e-06     0.00033017     2.2718e-06     0.00263111    2.30093e-06     0.00263111    2.30093e-06    -0.00013416    3.02811e-07    0.000333867    2.13886e-07   -0.000333867    2.13886e-07       0.426428   1000000         1
     0.105      0.0503554     3.2776e-05     0.00122206    4.11521e-06     0.00863914    8.62045e-06    -0.00242446     3.9686e-06   -0.000707704    4.91207e-07    -0.00100116    2.66068e-06   -0.000305389    2.20913e-06    0.000305389    2.20913e-06      0.0025672    2.26965e-06      0.0025672    2.26965e-06   -0.000129726    2.98488e-07    0.000328324     2.1354e-07   -0.000328324     2.1354e-07        0.39417   1000000         1
     0.106      0.0490653    3.20553e-05     0.00115919    3.99625e-06     0.00840637    8.39904e-06    -0.00235974    3.91284e-06   -0.000696428    4.92046e-07   -0.000972101     2.5529e-06   -0.000281822    2.13813e-06    0.000281822    2.13813e-06     0.00250505    2.22953e-06     0.00250505    2.22953e-06   -0.000125463    2.90158e-07    0.000322898    2.13814e-07   -0.000322898    2.13814e-07        0.36395   1000000         1
     0.107      0.0478176    3.19437e-05     0.00109916    3.90126e-06     0.00818094    8.27817e-06    -0.00229673    3.85324e-06   -0.000685387    4.93251e-07   -0.000943475    2.50651e-06   -0.000259495    2.08354e-06    0.000259495    2.08354e-06     0.00244471    2.21391e-06     0.00244471    2.21391e-06   -0.000121297    2.85916e-07     0.00031759    2.14791e-07    -0.00031759    2.14791e-07       0.363274   1000000         1
     0.108      0.0466076    3.17886e-05      0.0010417     3.8074e-06     0.00796251    8.15609e-06    -0.00223547     3.7968e-06   -0.000674573    4.94602e-07   -0.000915755    2.46179e-06   -0.000238279    2.02958e-06    0.000238279    2.02958e-06     0.00238606    2.19721e-06     0.00238606    2.19721e-06   -0.000117263    2.81783e-07    0.000312396    2.15677e-07   -0.000312396    2.15677e-07        0.36361   1000000         1
     0.109      0.0454364    3.13566e-05    0.000986864    3.70578e-06     0.00775125    7.98361e-06    -0.00217598     3.7403e-06    -0.00066399    4.95443e-07   -0.000888936    2.41056e-06   -0.000218194    1.97164e-06    0.000218194    1.97164e-06     0.00232916     2.1686e-06     0.00232916     2.1686e-06    -0.00011336    2.77503e-07    0.000307316    2.16196e-07   -0.000307316    2.16196e-07       0.361971   1000000         1
      0.11      0.0442991    3.13266e-05    0.000934475    3.61921e-06      0.0075464    7.88281e-06    -0.00211828    3.68262e-06   -0.000653615    4.96361e-07   -0.000863111    2.39713e-06    -0.00019913    1.92454e-06     0.00019913    1.92454e-06     0.00227383    2.15653e-06     0.00227383    2.15653e-06    -0.00010961    2.75195e-07    0.000302339    2.16942e-07   -0.000302339    2.16942e-07       0.359034   1000000         1
     0.111      0.0431952    3.12162e-05    0.000884358    3.53259e-06     0.00734744    7.77874e-06    -0.00206211    3.63164e-06   -0.000643438    4.98763e-07   -0.000837788    2.36087e-06   -0.000181059    1.87462e-06    0.000181059    1.87462e-06     0.00221995    2.14336e-06     0.00221995    2.14336e-06   -0.000105954    2.71687e-07    0.000297461     2.1827e-07   -0.000297461     2.1827e-07       0.361972   1000000         1
     0.112      0.0421266    3.09819e-05     0.00083642    3.44388e-06      0.0071549    7.65381e-06    -0.00200735    3.58601e-06   -0.000633477    5.01546e-07   -0.000813166    2.30397e-06   -0.000163893     1.8229e-06    0.000163893     1.8229e-06     0.00216764    2.12446e-06     0.00216764    2.12446e-06   -0.000102391    2.66989e-07    0.000292691    2.19693e-07   -0.000292691    2.19693e-07       0.381023   1000000         1
     0.113        0.04109    3.10244e-05    0.000790771    3.36688e-06     0.00696818    7.58412e-06    -0.00195418    3.52705e-06   -0.000623712    5.02839e-07   -0.000789296    2.30184e-06   -0.000147758    1.78033e-06    0.000147758    1.78033e-06     0.00211681    2.11916e-06     0.00211681    2.11916e-06   -9.89488e-05    2.65719e-07    0.000288016    2.20688e-07   -0.000288016    2.20688e-07       0.371597   1000000         1
     0.114      0.0400823    3.05308e-05    0.000747133    3.27104e-06     0.00678749    7.42037e-06    -0.00190277    3.49239e-06   -0.000614136    5.06222e-07   -0.000766745     2.2021e-06   -0.000132428    1.72289e-06    0.000132428    1.72289e-06     0.00206743    2.08954e-06     0.00206743    2.08954e-06   -9.56723e-05    2.57698e-07    0.000283435    2.22069e-07   -0.000283435    2.22069e-07       0.364023   1000000         1
     0.115      0.0391052    3.04234e-05     0.00070531    3.19226e-06      0.0066117    7.32629e-06    -0.00185246    3.44753e-06   -0.000604744    5.08605e-07   -0.000744121     2.1686e-06   -0.000117804    1.67832e-06    0.000117804    1.67832e-06     0.00201928    2.07725e-06     0.00201928    2.07725e-06     -9.243e-05    2.54514e-07    0.000278948    2.23358e-07   -0.000278948    2.23358e-07       0.365635   1000000         1
     0.116      0.0381567    3.05225e-05    0.000665341    3.12207e-06     0.00644128    7.27476e-06    -0.00180354     3.4052e-06   -0.000595534    5.12305e-07   -0.000722262    2.14281e-06   -0.000103973    1.63846e-06    0.000103973    1.63846e-06     0.00197245     2.0753e-06     0.00197245     2.0753e-06   -8.92938e-05    2.51649e-07    0.000274551    2.25339e-07   -0.000274551    2.25339e-07       0.472423   1000000         1
     0.117       0.037236    3.03489e-05    0.000627221    3.04323e-06     0.00627598    7.17535e-06    -0.00175601    3.35829e-06   -0.000586506    5.14157e-07   -0.000701123    2.10915e-06    -9.0914e-05    1.59395e-06     9.0914e-05    1.59395e-06     0.00192693    2.06094e-06     0.00192693    2.06094e-06   -8.62647e-05    2.48168e-07    0.000270243    2.26346e-07   -0.000270243    2.26346e-07       0.364324   1000000         1
     0.118      0.0363407    3.04221e-05    0.000590785    2.97478e-06     0.00611574    7.12388e-06    -0.00170994    3.30836e-06   -0.000577647    5.15199e-07   -0.000680915    2.11555e-06   -7.85434e-05    1.55938e-06    7.85434e-05    1.55938e-06     0.00188265    2.05801e-06     0.00188265    2.05801e-06   -8.33685e-05    2.47209e-07    0.000266016    2.27155e-07   -0.000266016    2.27155e-07       0.363846   1000000         1
     0.119      0.0354738     3.0369e-05    0.000555915    2.90676e-06     0.00596019    7.05196e-06    -0.00166483    3.26534e-06   -0.000568962    5.17494e-07   -0.000660819    2.09247e-06   -6.67998e-05    1.52057e-06    6.67998e-05    1.52057e-06     0.00183956    2.04959e-06     0.00183956    2.04959e-06   -8.04972e-05    2.45323e-07    0.000261879    2.28426e-07   -0.000261879    2.28426e-07       0.363968   1000000         1
      0.12      0.0346297     3.0112e-05    0.000522553    2.83657e-06     0.00580905    6.93496e-06    -0.00162096    3.23453e-06   -0.000560442    5.20479e-07   -0.000641554    2.05013e-06   -5.56801e-05    1.48007e-06    5.56801e-05    1.48007e-06     0.00179758    2.02817e-06     0.00179758    2.02817e-06   -7.77339e-05    2.41581e-07    0.000257823    2.29737e-07   -0.000257823    2.29737e-07       0.362361   1000000         1
     0.121      0.0338114    3.01257e-05    0.000490664    2.77494e-06     0.00566244    6.89305e-06    -0.00157825    3.17754e-06   -0.000552086     5.2139e-07    -0.00062265     2.0463e-06   -4.51847e-05    1.44667e-06    4.51847e-05    1.44667e-06     0.00175675     2.0267e-06     0.00175675     2.0267e-06   -7.50377e-05    2.40017e-07    0.000253847    2.30433e-07   -0.000253847    2.30433e-07       0.358836   1000000         1
     0.122      0.0330129     2.9749e-05    0.000460291    2.70416e-06     0.00552027    6.76003e-06    -0.00153699      3.161e-06   -0.000543878    5.25496e-07   -0.000605045    1.95184e-06   -3.53035e-05    1.40305e-06    3.53035e-05    1.40305e-06     0.00171703    2.00004e-06     0.00171703    2.00004e-06   -7.24977e-05    2.32488e-07     0.00024994    2.32073e-07    -0.00024994    2.32073e-07       0.361082   1000000         1
     0.123      0.0322406     2.9459e-05    0.000431156    2.64339e-06     0.00538226    6.65309e-06    -0.00149649    3.12005e-06   -0.000535833    5.24964e-07    -0.00058728     1.9197e-06   -2.58519e-05    1.36916e-06    2.58519e-05    1.36916e-06     0.00167836    1.97842e-06     0.00167836    1.97842e-06    -6.9959e-05    2.29629e-07     0.00024612    2.31846e-07    -0.00024612    2.31846e-07       0.360133   1000000         1
     0.124      0.0314907    2.91548e-05    0.000403357    2.58199e-06     0.00524847    6.54534e-06    -0.00145711    3.07663e-06   -0.000527944    5.24203e-07   -0.000570158    1.88768e-06   -1.69602e-05    1.33546e-06    1.69602e-05    1.33546e-06     0.00164078    1.95641e-06     0.00164078    1.95641e-06   -6.75062e-05    2.26722e-07    0.000242374    2.31565e-07   -0.000242374    2.31565e-07       0.359701   1000000         1
     0.125      0.0307596    2.86588e-05    0.000376796    2.52185e-06     0.00511808    6.40281e-06    -0.00141875    3.03085e-06   -0.000520195    5.21385e-07   -0.000553471    1.84784e-06   -8.55472e-06    1.30223e-06    8.55472e-06    1.30223e-06     0.00160407    1.92416e-06     0.00160407    1.92416e-06   -6.51266e-05    2.23455e-07    0.000238698    2.30223e-07   -0.000238698    2.30223e-07        0.36539   1000000         1
     0.126      0.0300486    2.84279e-05    0.000351479    2.47117e-06     0.00499183    6.32623e-06    -0.00138168    2.97205e-06   -0.000512585    5.15389e-07    -0.00053765    1.84763e-06   -6.49132e-07    1.27847e-06    6.49132e-07    1.27847e-06     0.00156841    1.90693e-06     0.00156841    1.90693e-06   -6.28679e-05    2.22358e-07    0.000235088    2.27753e-07   -0.000235088    2.27753e-07       0.365125   1000000         1
     0.127      0.0293593    2.73516e-05    0.000327141    2.41297e-06     0.00486895    6.07247e-06    -0.00134522    2.91516e-06   -0.000505127    5.05298e-07   -0.000521799    1.78814e-06    6.89761e-06    1.24612e-06   -6.89761e-06    1.24612e-06     0.00153362    1.84075e-06     0.00153362    1.84075e-06   -6.06103e-05    2.19111e-07    0.000231555    2.22972e-07   -0.000231555    2.22972e-07       0.362404   1000000         1
     0.128      0.0286868    2.66137e-05    0.000303909    2.35651e-06     0.00474948    5.89567e-06    -0.00130976    2.86531e-06   -0.000497788    4.99161e-07   -0.000506651    1.73042e-06    1.39849e-05    1.21425e-06   -1.39849e-05    1.21425e-06     0.00149969    1.79575e-06     0.00149969    1.79575e-06   -5.84421e-05    2.13963e-07    0.000228079    2.20001e-07   -0.000228079    2.20001e-07       0.360268   1000000         1
     0.129      0.0280352    2.58001e-05    0.000281721    2.30634e-06     0.00463368    5.71592e-06    -0.00127524    2.79564e-06     -0.0004906    4.87049e-07    -0.00049183     1.7038e-06    2.06685e-05    1.18899e-06   -2.06685e-05    1.18899e-06     0.00146673    1.74699e-06     0.00146673    1.74699e-06   -5.63289e-05    2.11962e-07    0.000224677    2.14511e-07   -0.000224677    2.14511e-07        0.35912   1000000         1
      0.13       0.027397    2.47646e-05    0.000260678    2.25037e-06     0.00452091    5.48357e-06    -0.00124191    2.75784e-06   -0.000483524    4.79032e-07   -0.000478019    1.59543e-06    2.68777e-05    1.15544e-06   -2.68777e-05    1.15544e-06     0.00143455    1.68366e-06     0.00143455    1.68366e-06   -5.43485e-05    2.03258e-07    0.000221326    2.10468e-07   -0.000221326    2.10468e-07       0.360429   1000000         1
     0.131      0.0267802    2.38114e-05    0.000240376    2.19955e-06      0.0044116    5.27645e-06    -0.00120909    2.69632e-06   -0.000476594    4.67055e-07   -0.000464057    1.54338e-06    3.28754e-05    1.12865e-06   -3.28754e-05    1.12865e-06     0.00140326    1.62666e-06     0.00140326    1.62666e-06   -5.23477e-05    1.99141e-07    0.000218053    2.04888e-07   -0.000218053    2.04888e-07       0.360344   1000000         1
     0.132      0.0261777    2.29319e-05    0.000221051     2.1531e-06     0.00430484    5.08645e-06    -0.00117713    2.63529e-06   -0.000469763    4.54906e-07   -0.000450419    1.49459e-06     3.8484e-05    1.10468e-06    -3.8484e-05    1.10468e-06     0.00137263    1.57311e-06     0.00137263    1.57311e-06   -5.04131e-05     1.9523e-07    0.000214827    1.99301e-07   -0.000214827    1.99301e-07       0.361327   1000000         1
     0.133      0.0255927    2.19863e-05    0.000202586    2.10376e-06     0.00420143    4.88653e-06    -0.00114605    2.57164e-06    -0.00046307    4.41917e-07   -0.000437331    1.44379e-06    4.37679e-05    1.07903e-06   -4.37679e-05    1.07903e-06     0.00134287    1.51657e-06     0.00134287    1.51657e-06   -4.85457e-05    1.90926e-07    0.000211668      1.933e-07   -0.000211668      1.933e-07       0.360038   1000000         1
     0.134      0.0250225    2.11156e-05    0.000184962    2.05932e-06     0.00410086    4.70284e-06    -0.00111583     2.5032e-06   -0.000456489    4.27289e-07   -0.000424717    1.41771e-06    4.87406e-05     1.0583e-06   -4.87406e-05     1.0583e-06     0.00131386    1.46329e-06     0.00131386    1.46329e-06   -4.67468e-05    1.88962e-07    0.000208564    1.86671e-07   -0.000208564    1.86671e-07       0.360146   1000000         1
     0.135      0.0244672    2.03844e-05    0.000168122    2.01554e-06     0.00400294    4.54662e-06    -0.00108634    2.44044e-06   -0.000450019    4.14303e-07   -0.000412363    1.38471e-06    5.34314e-05    1.03743e-06   -5.34314e-05    1.03743e-06     0.00128554    1.41762e-06     0.00128554    1.41762e-06   -4.49908e-05    1.86042e-07    0.000205515    1.80869e-07   -0.000205515    1.80869e-07       0.359421   1000000         1
     0.136      0.0239256    1.98176e-05    0.000152055    1.98046e-06     0.00390739    4.43062e-06    -0.00105753    2.38548e-06   -0.000443662    4.04666e-07   -0.000400318    1.33382e-06    5.77996e-05    1.01883e-06   -5.77996e-05    1.01883e-06     0.00125785    1.38089e-06     0.00125785    1.38089e-06   -4.32815e-05    1.80541e-07    0.000202518    1.76475e-07   -0.000202518    1.76475e-07       0.360505   1000000         1
     0.137      0.0234005    1.87955e-05    0.000136708    1.92201e-06     0.00381499      4.209e-06    -0.00102944    2.32732e-06   -0.000437427    3.93467e-07   -0.000388779    1.28091e-06     6.1912e-05     9.8846e-07    -6.1912e-05     9.8846e-07     0.00123099    1.32068e-06     0.00123099    1.32068e-06    -4.1628e-05    1.76044e-07    0.000199582    1.71249e-07   -0.000199582    1.71249e-07       0.446492   1000000         1
     0.138      0.0228875    1.82172e-05    0.000122098    1.87865e-06     0.00372501    4.08572e-06    -0.00100219    2.27464e-06   -0.000431297    3.85078e-07   -0.000377731    1.23348e-06    6.57184e-05     9.6594e-07   -6.57184e-05     9.6594e-07     0.00120477    1.28483e-06     0.00120477    1.28483e-06   -4.00459e-05    1.71109e-07    0.000196694    1.67478e-07   -0.000196694    1.67478e-07       0.455152   1000000         1
     0.139      0.0223901    1.77943e-05      0.0001081    1.83906e-06     0.00363766     3.9882e-06   -0.000975466    2.22393e-06    -0.00042528    3.77521e-07   -0.000366742    1.20765e-06    6.93499e-05    9.46803e-07   -6.93499e-05    9.46803e-07     0.00117924    1.25627e-06     0.00117924    1.25627e-06   -3.84702e-05    1.68239e-07    0.000193866    1.64179e-07   -0.000193866    1.64179e-07       0.469466   1000000         1
      0.14      0.0219042    1.75421e-05    9.47246e-05     1.8036e-06     0.00355246    3.91609e-06   -0.000949451    2.17289e-06   -0.000419358    3.69813e-07   -0.000356056    1.21611e-06    7.27703e-05     9.3319e-07   -7.27703e-05     9.3319e-07     0.00115428    1.23522e-06     0.00115428    1.23522e-06   -3.69462e-05    1.69086e-07    0.000191084    1.60996e-07   -0.000191084    1.60996e-07       0.451966   1000000         1
     0.141      0.0214305    1.72082e-05    8.20388e-05    1.76585e-06     0.00346929     3.8304e-06   -0.000924039    2.13098e-06   -0.000413537    3.64748e-07   -0.000345611    1.19209e-06    7.59079e-05    9.14195e-07   -7.59079e-05    9.14195e-07     0.00112987    1.21107e-06     0.00112987    1.21107e-06   -3.54637e-05    1.66961e-07    0.000188349    1.58844e-07   -0.000188349    1.58844e-07       0.480507   1000000         1
     0.142      0.0209699    1.69717e-05    6.98597e-05    1.72433e-06     0.00338878    3.76156e-06   -0.000899307    2.09269e-06   -0.000407818    3.61381e-07   -0.000335601     1.1755e-06    7.89054e-05    8.93742e-07   -7.89054e-05    8.93742e-07     0.00110616    1.19305e-06     0.00110616    1.19305e-06    -3.4028e-05    1.65217e-07    0.000185667    1.57482e-07   -0.000185667    1.57482e-07       0.369058   1000000         1
     0.143      0.0205192    1.67892e-05    5.83003e-05    1.68534e-06      0.0033101    3.70093e-06   -0.000875249    2.05968e-06   -0.000402188    3.59704e-07   -0.000325966    1.14988e-06    8.16249e-05    8.74453e-07   -8.16249e-05    8.74453e-07     0.00108294    1.17767e-06     0.00108294    1.17767e-06   -3.26566e-05    1.61806e-07    0.000183022    1.56832e-07   -0.000183022    1.56832e-07       0.459616   1000000         1
     0.144      0.0200823    1.67671e-05     4.7254e-05    1.64989e-06     0.00323392    3.66703e-06   -0.000851734     2.0291e-06   -0.000396666    3.58154e-07   -0.000316573    1.14788e-06    8.42098e-05    8.58059e-07   -8.42098e-05    8.58059e-07     0.00106039    1.17001e-06     0.00106039    1.17001e-06     -3.131e-05     1.6149e-07    0.000180434    1.56403e-07   -0.000180434    1.56403e-07       0.461087   1000000         1
     0.145       0.019654    1.66866e-05    3.67253e-05    1.61278e-06     0.00315932    3.62036e-06   -0.000828868    2.00602e-06   -0.000391223    3.58958e-07   -0.000307484    1.13186e-06    8.65828e-05    8.39038e-07   -8.65828e-05    8.39038e-07     0.00103827       1.16e-06     0.00103827       1.16e-06   -3.00186e-05    1.59745e-07     0.00017788    1.56872e-07    -0.00017788    1.56872e-07       0.430633   1000000         1
     0.146      0.0192397    1.66775e-05    2.66747e-05    1.57754e-06     0.00308704    3.58203e-06   -0.000806324    1.98748e-06   -0.000385887    3.59796e-07   -0.000298327    1.14193e-06    8.88619e-05    8.22479e-07   -8.88619e-05    8.22479e-07     0.00101677    1.15264e-06     0.00101677    1.15264e-06   -2.87041e-05      1.622e-07    0.000175386     1.5746e-07   -0.000175386     1.5746e-07       0.362932   1000000         1
     0.147      0.0188341    1.66136e-05    1.70987e-05    1.54312e-06     0.00301659    3.53882e-06   -0.000784514    1.97051e-06   -0.000380632    3.61445e-07   -0.000289746    1.12565e-06    9.09083e-05    8.04383e-07   -9.09083e-05    8.04383e-07    0.000995765    1.14374e-06    0.000995765    1.14374e-06   -2.74747e-05    1.60657e-07    0.000172925     1.5826e-07   -0.000172925     1.5826e-07       0.363001   1000000         1
     0.148      0.0184384    1.65344e-05    8.00136e-06    1.51383e-06     0.00294789     3.4901e-06   -0.000763239    1.95447e-06   -0.000375466    3.60646e-07   -0.000281378    1.13166e-06    9.27972e-05    7.90571e-07   -9.27972e-05    7.90571e-07    0.000975246    1.13189e-06    0.000975246    1.13189e-06   -2.62798e-05    1.62675e-07    0.000170508    1.58033e-07   -0.000170508    1.58033e-07       0.361759   1000000         1
     0.149      0.0180523    1.61999e-05   -6.50274e-07    1.48103e-06     0.00288095    3.40951e-06   -0.000742427    1.92749e-06   -0.000370379    3.57923e-07    -0.00027317    1.09905e-06    9.45758e-05    7.72246e-07   -9.45758e-05    7.72246e-07    0.000955186     1.1103e-06    0.000955186     1.1103e-06   -2.51101e-05    1.58813e-07    0.000168132    1.56682e-07   -0.000168132    1.56682e-07       0.364763   1000000         1
      0.15      0.0176767    1.57252e-05   -8.91016e-06     1.4498e-06     0.00281595    3.31208e-06   -0.000722134    1.88995e-06   -0.000365392    3.52122e-07   -0.000265369    1.05568e-06    9.61447e-05    7.53449e-07   -9.61447e-05    7.53449e-07    0.000935678     1.0827e-06    0.000935678     1.0827e-06   -2.39851e-05    1.53397e-07    0.000165798    1.53892e-07   -0.000165798    1.53892e-07       0.364008   1000000         1
     0.151      0.0173101     1.5152e-05   -1.67677e-05    1.41756e-06     0.00275259    3.19832e-06   -0.000702338    1.84877e-06   -0.000360483    3.43661e-07   -0.000257721    1.02298e-06    9.76195e-05    7.35182e-07   -9.76195e-05    7.35182e-07    0.000916611    1.04957e-06    0.000916611    1.04957e-06   -2.28853e-05    1.50134e-07    0.000163505    1.49986e-07   -0.000163505    1.49986e-07       0.375005   1000000         1
     0.152      0.0169524    1.45237e-05   -2.42696e-05    1.38709e-06     0.00269081    3.07972e-06   -0.000683009     1.8032e-06   -0.000355646    3.33738e-07   -0.000250203    9.85391e-07    9.89993e-05    7.17681e-07   -9.89993e-05    7.17681e-07    0.000897964    1.01413e-06    0.000897964    1.01413e-06   -2.18096e-05     1.4626e-07    0.000161248    1.45417e-07   -0.000161248    1.45417e-07       0.361738   1000000         1
     0.153      0.0166035    1.38926e-05    -3.1367e-05    1.35931e-06     0.00263067    2.96496e-06   -0.000664172    1.75499e-06   -0.000350892    3.23024e-07   -0.000243023    9.38388e-07    0.000100202    7.01147e-07   -0.000100202    7.01147e-07     0.00087978    9.78968e-07     0.00087978    9.78968e-07   -2.07782e-05    1.40463e-07    0.000159028    1.40475e-07   -0.000159028    1.40475e-07       0.360637   1000000         1
     0.154      0.0162628    1.32683e-05   -3.81632e-05     1.3314e-06     0.00257189    2.84851e-06   -0.000645704     1.7103e-06   -0.000346204    3.13144e-07   -0.000235841    8.98256e-07    0.000101358    6.84957e-07   -0.000101358    6.84957e-07     0.00086195    9.43653e-07     0.00086195    9.43653e-07   -1.97538e-05    1.35891e-07    0.000156844    1.35903e-07   -0.000156844    1.35903e-07       0.363096   1000000         1
     0.155      0.0159303    1.30517e-05    -4.4669e-05    1.32087e-06     0.00251466     2.8164e-06   -0.000627698    1.66657e-06   -0.000341593    3.04555e-07    -0.00022888    8.79626e-07    0.000102431    6.79603e-07   -0.000102431    6.79603e-07    0.000844542    9.29842e-07    0.000844542    9.29842e-07   -1.87569e-05    1.33171e-07    0.000154697      1.321e-07   -0.000154697      1.321e-07       0.369329   1000000         1
     0.156      0.0156063    1.25248e-05    -5.0743e-05     1.2944e-06     0.00245915    2.71955e-06     -0.0006102    1.62439e-06   -0.000337071    2.94187e-07   -0.000222404    8.53383e-07    0.000103308     6.6536e-07   -0.000103308     6.6536e-07    0.000827645    8.99307e-07    0.000827645    8.99307e-07   -1.78215e-05     1.3006e-07    0.000152589    1.27385e-07   -0.000152589    1.27385e-07       0.363199   1000000         1
     0.157      0.0152902    1.17852e-05   -5.64914e-05    1.26075e-06     0.00240483    2.57312e-06   -0.000593054    1.58028e-06   -0.000332618    2.84574e-07   -0.000215857    8.13239e-07    0.000104104     6.4608e-07   -0.000104104     6.4608e-07    0.000811066    8.57889e-07    0.000811066    8.57889e-07   -1.68857e-05    1.25944e-07    0.000150517    1.22886e-07   -0.000150517    1.22886e-07        0.36153   1000000         1
     0.158      0.0149814    1.13886e-05   -6.19858e-05    1.23955e-06     0.00235194    2.49828e-06   -0.000576344    1.54142e-06    -0.00032823    2.76399e-07   -0.000209565    7.86903e-07    0.000104826    6.34237e-07   -0.000104826    6.34237e-07    0.000794875    8.34181e-07    0.000794875    8.34181e-07   -1.59854e-05    1.22699e-07    0.000148476    1.19196e-07   -0.000148476    1.19196e-07       0.361393   1000000         1
     0.159      0.0146807    1.09763e-05    -6.7184e-05    1.21625e-06     0.00230037     2.4208e-06   -0.000559902    1.50511e-06   -0.000323918    2.69333e-07   -0.000203314    7.54071e-07    0.000105443    6.20658e-07   -0.000105443    6.20658e-07    0.000779065    8.09922e-07    0.000779065    8.09922e-07   -1.50807e-05    1.18483e-07    0.000146471    1.15951e-07   -0.000146471    1.15951e-07       0.361044   1000000         1
      0.16      0.0143856      1.053e-05   -7.21391e-05    1.19068e-06     0.00224999    2.33793e-06   -0.000544036    1.46572e-06   -0.000319663    2.60923e-07   -0.000197417    7.23369e-07    0.000106016    6.06539e-07   -0.000106016    6.06539e-07    0.000763568    7.84057e-07    0.000763568    7.84057e-07   -1.42444e-05    1.14365e-07    0.000144494    1.12118e-07   -0.000144494    1.12118e-07       0.361146   1000000         1
     0.161      0.0140987    1.02305e-05   -7.68076e-05    1.17019e-06     0.00220103    2.28082e-06   -0.000528455    1.42847e-06   -0.000315485    2.54052e-07   -0.000191647    7.00282e-07    0.000106467    5.95236e-07   -0.000106467    5.95236e-07    0.000748483    7.65955e-07    0.000748483    7.65955e-07   -1.34126e-05     1.1109e-07    0.000142553    1.09054e-07   -0.000142553    1.09054e-07       0.363666   1000000         1
     0.162       0.013818    1.00324e-05    -8.1252e-05    1.15254e-06     0.00215317    2.23999e-06   -0.000513242    1.39371e-06   -0.000311369    2.48002e-07   -0.000185999    6.83842e-07    0.000106862    5.85951e-07   -0.000106862    5.85951e-07    0.000733701    7.52535e-07    0.000733701    7.52535e-07   -1.26033e-05    1.08599e-07    0.000140641     1.0644e-07   -0.000140641     1.0644e-07       0.361549   1000000         1
     0.163      0.0135446    9.83702e-06   -8.54441e-05    1.13412e-06     0.00210668    2.19979e-06   -0.000498402    1.35968e-06   -0.000307324    2.42436e-07   -0.000180554    6.67832e-07    0.000107185    5.76204e-07   -0.000107185    5.76204e-07    0.000719306     7.3949e-07    0.000719306     7.3949e-07   -1.18186e-05    1.06111e-07    0.000138764    1.04014e-07   -0.000138764    1.04014e-07       0.361464   1000000         1
     0.164      0.0132772     9.7494e-06     -8.942e-05    1.11933e-06     0.00206128    2.17828e-06   -0.000483909    1.32827e-06   -0.000303335     2.3816e-07   -0.000175277    6.55217e-07    0.000107442    5.68506e-07   -0.000107442    5.68506e-07    0.000705215    7.31946e-07    0.000705215    7.31946e-07   -1.10595e-05    1.03859e-07    0.000136915    1.02223e-07   -0.000136915    1.02223e-07       0.360211   1000000         1
     0.165      0.0130161    9.65557e-06   -9.31475e-05     1.1037e-06     0.00201697    2.15502e-06   -0.000469771    1.29716e-06   -0.000299413    2.34099e-07   -0.000170136    6.42846e-07    0.000107628    5.60401e-07   -0.000107628    5.60401e-07    0.000691439    7.24253e-07    0.000691439    7.24253e-07   -1.03228e-05    1.01645e-07    0.000135097    1.00534e-07   -0.000135097    1.00534e-07       0.367426   1000000         1
     0.166      0.0127611    9.79837e-06   -9.66779e-05    1.09725e-06     0.00197377    2.17623e-06   -0.000455975    1.27005e-06   -0.000295551    2.31698e-07   -0.000165143    6.38619e-07    0.000107761    5.57588e-07   -0.000107761    5.57588e-07    0.000677972    7.28469e-07    0.000677972    7.28469e-07   -9.60726e-06    9.98541e-08    0.000133307    9.97058e-08   -0.000133307    9.97058e-08       0.364242   1000000         1
     0.167      0.0125114    9.70222e-06   -0.000100029    1.08124e-06     0.00193153    2.15525e-06   -0.000442468     1.2386e-06    -0.00029174    2.27405e-07   -0.000160246    6.26954e-07    0.000107848    5.49375e-07   -0.000107848    5.49375e-07    0.000664769    7.21206e-07    0.000664769    7.21206e-07   -8.90813e-06    9.75239e-08    0.000131543    9.79029e-08   -0.000131543    9.79029e-08       0.451405   1000000         1
     0.168      0.0122674    9.35666e-06   -0.000103137    1.05313e-06     0.00189031    2.08189e-06   -0.000429328     1.2047e-06   -0.000287991    2.22845e-07   -0.000155548    6.06072e-07    0.000107836    5.33994e-07   -0.000107836    5.33994e-07     0.00065187    7.01055e-07     0.00065187    7.01055e-07   -8.23831e-06    9.48008e-08    0.000129806    9.58721e-08   -0.000129806    9.58721e-08       0.374005   1000000         1
     0.169      0.0120297    9.47817e-06   -0.000106102    1.04396e-06     0.00185022    2.09589e-06   -0.000416447    1.17936e-06   -0.000284305     2.2201e-07   -0.000150962    6.01103e-07    0.000107807    5.29488e-07   -0.000107807    5.29488e-07    0.000639291     7.0477e-07    0.000639291     7.0477e-07   -7.57844e-06    9.30723e-08    0.000128101    9.57331e-08   -0.000128101    9.57331e-08       0.365355   1000000         1
      0.17      0.0117969    9.76419e-06   -0.000108864    1.04213e-06     0.00181099    2.14193e-06   -0.000403906     1.1566e-06    -0.00028067    2.22342e-07   -0.000146469    6.01838e-07    0.000107724    5.29173e-07   -0.000107724    5.29173e-07     0.00062695    7.17236e-07     0.00062695    7.17236e-07    -6.9413e-06    9.15972e-08     0.00012642    9.61927e-08    -0.00012642    9.61927e-08       0.361634   1000000         1
     0.171      0.0115696    9.54402e-06   -0.000111485    1.01735e-06     0.00177278    2.09268e-06   -0.000391604    1.12538e-06    -0.00027709    2.19424e-07   -0.000142142    5.87413e-07    0.000107594    5.15767e-07   -0.000107594    5.15767e-07    0.000614905    7.04392e-07    0.000614905    7.04392e-07   -6.31922e-06    8.93181e-08    0.000124766    9.49664e-08   -0.000124766    9.49664e-08        0.36319   1000000         1
     0.172      0.0113479    9.64956e-06   -0.000113947    1.00614e-06     0.00173555    2.10418e-06   -0.000379606    1.10066e-06   -0.000273571    2.19569e-07   -0.000137935    5.83374e-07    0.000107428    5.10045e-07   -0.000107428    5.10045e-07    0.000603143    7.08414e-07    0.000603143    7.08414e-07   -5.71447e-06    8.76114e-08     0.00012314    9.52458e-08    -0.00012314    9.52458e-08       0.362872   1000000         1
     0.173      0.0111305    9.83646e-06   -0.000116211     9.9765e-07     0.00169908    2.12994e-06   -0.000367903    1.07823e-06   -0.000270099     2.2118e-07   -0.000133818    5.82089e-07    0.000107204     5.0579e-07   -0.000107204     5.0579e-07      0.0005916    7.16986e-07      0.0005916    7.16986e-07   -5.12967e-06     8.6084e-08    0.000121536    9.62123e-08   -0.000121536    9.62123e-08       0.362484   1000000         1
     0.174      0.0109184    1.00254e-05   -0.000118346    9.88569e-07     0.00166358    2.15621e-06   -0.000356468    1.05646e-06   -0.000266683    2.23392e-07   -0.000129855    5.81472e-07    0.000106944    5.01151e-07   -0.000106944    5.01151e-07    0.000580339    7.26183e-07    0.000580339    7.26183e-07   -4.56213e-06    8.45964e-08     0.00011996    9.74365e-08    -0.00011996    9.74365e-08       0.360618   1000000         1
     0.175      0.0107112     1.0272e-05   -0.000120365    9.81784e-07     0.00162898    2.19266e-06   -0.000345295    1.03651e-06    -0.00026332    2.26607e-07   -0.000126007    5.84769e-07    0.000106668    4.97808e-07   -0.000106668    4.97808e-07    0.000569332    7.38833e-07    0.000569332    7.38833e-07   -4.01041e-06    8.37163e-08    0.000118409    9.91352e-08   -0.000118409    9.91352e-08       0.359984   1000000         1
     0.176      0.0105078    1.04953e-05    -0.00012219    9.72568e-07     0.00159498    2.22494e-06   -0.000334409     1.0171e-06   -0.000259998     2.3058e-07    -0.00012223    5.86283e-07    0.000106323    4.92948e-07   -0.000106323    4.92948e-07    0.000558507    7.50846e-07    0.000558507    7.50846e-07    -3.4777e-06    8.24059e-08    0.000116876    1.01124e-07   -0.000116876    1.01124e-07       0.359921   1000000         1
     0.177      0.0103098    1.07083e-05   -0.000123933    9.59869e-07     0.00156196    2.25719e-06   -0.000323716    9.96366e-07   -0.000256735      2.348e-07   -0.000118555    5.87665e-07    0.000105975    4.86186e-07   -0.000105975    4.86186e-07    0.000547963    7.63055e-07    0.000547963    7.63055e-07   -2.95157e-06    8.06556e-08    0.000115373    1.03194e-07   -0.000115373    1.03194e-07        0.39604   1000000         1
     0.178      0.0101161    1.10162e-05   -0.000125543    9.51738e-07     0.00152976    2.30564e-06   -0.000313294    9.78904e-07   -0.000253519    2.41066e-07    -0.00011502    5.92317e-07    0.000105587    4.81853e-07   -0.000105587    4.81853e-07    0.000537653    7.80915e-07    0.000537653    7.80915e-07   -2.44592e-06    7.92038e-08    0.000113891    1.06202e-07   -0.000113891    1.06202e-07       0.369523   1000000         1
     0.179     0.00992627    1.12964e-05    -0.00012702     9.3957e-07     0.00149819    2.34872e-06   -0.000303114    9.61761e-07   -0.000250345    2.47784e-07   -0.000111538    5.98243e-07    0.000105171    4.75296e-07   -0.000105171    4.75296e-07    0.000527531    7.97806e-07    0.000527531    7.97806e-07   -1.95362e-06    7.81329e-08     0.00011243    1.09367e-07    -0.00011243    1.09367e-07       0.363129   1000000         1
      0.18     0.00974047    1.17121e-05   -0.000128346    9.33629e-07     0.00146734    2.41811e-06   -0.000293181    9.48523e-07    -0.00024722    2.56531e-07    -0.00010816    6.08805e-07    0.000104705    4.72188e-07   -0.000104705    4.72188e-07    0.000517624    8.22729e-07    0.000517624    8.22729e-07   -1.47748e-06    7.71656e-08    0.000110991    1.13474e-07   -0.000110991    1.13474e-07       0.361344   1000000         1
     0.181     0.00955896    1.20202e-05   -0.000129603    9.22354e-07     0.00143724    2.46664e-06   -0.000283463    9.34386e-07   -0.000244142    2.64592e-07   -0.000104866    6.15804e-07    0.000104236    4.66075e-07   -0.000104236    4.66075e-07    0.000507933     8.4186e-07    0.000507933     8.4186e-07   -1.01094e-06    7.59896e-08    0.000109575    1.17199e-07   -0.000109575    1.17199e-07       0.359996   1000000         1
     0.182     0.00938162    1.21916e-05   -0.000130739    9.10993e-07     0.00140792     2.4895e-06   -0.000273994    9.22528e-07   -0.000241111    2.70048e-07   -0.000101717    6.18283e-07    0.000103735    4.59943e-07   -0.000103735    4.59943e-07    0.000498473    8.52219e-07    0.000498473    8.52219e-07   -5.64485e-07    7.51194e-08    0.000108181    1.19704e-07   -0.000108181    1.19704e-07       0.361391   1000000         1
     0.183     0.00920824    1.23319e-05   -0.000131848    9.01753e-07     0.00137928    2.51156e-06   -0.000264686    9.11304e-07   -0.000238121    2.73044e-07   -9.85964e-05    6.20161e-07    0.000103251    4.55317e-07   -0.000103251    4.55317e-07    0.000489199    8.60073e-07    0.000489199    8.60073e-07    -1.2163e-07    7.39185e-08    0.000106807    1.21109e-07   -0.000106807    1.21109e-07       0.359381   1000000         1
     0.184     0.00903951    1.21625e-05   -0.000132845    9.00526e-07     0.00135144    2.46976e-06   -0.000255664    9.09105e-07   -0.000235191    2.70094e-07    -9.5602e-05    6.08923e-07    0.000102743    4.56932e-07   -0.000102743    4.56932e-07    0.000480169    8.45364e-07    0.000480169    8.45364e-07    3.02399e-07    7.37336e-08    0.000105461    1.19763e-07   -0.000105461    1.19763e-07       0.361033   1000000         1
     0.185     0.00887227    1.11879e-05   -0.000133629    8.52562e-07     0.00132391    2.27458e-06   -0.000246802     8.8735e-07   -0.000232274    2.56294e-07   -9.26845e-05    5.69078e-07    0.000102137    4.28832e-07   -0.000102137    4.28832e-07    0.000471238    7.86308e-07    0.000471238    7.86308e-07    7.10942e-07    7.20957e-08    0.000104121    1.13276e-07   -0.000104121    1.13276e-07       0.360754   1000000         1
     0.186     0.00870957    1.05569e-05   -0.000134398     8.3191e-07     0.00129713    2.14996e-06   -0.000238142    8.77166e-07   -0.000229414    2.44522e-07   -8.98174e-05    5.42022e-07    0.000101559    4.18075e-07   -0.000101559    4.18075e-07     0.00046253    7.44881e-07     0.00046253    7.44881e-07    1.11479e-06     7.1087e-08    0.000102808    1.07854e-07   -0.000102808    1.07854e-07       0.361814   1000000         1
     0.187     0.00855046    9.85008e-06   -0.000135078    8.10539e-07     0.00127102    2.01199e-06    -0.00022971    8.68248e-07   -0.000226595    2.31197e-07    -8.7074e-05    5.12997e-07    0.000100961    4.06896e-07   -0.000100961    4.06896e-07    0.000454018    6.98634e-07    0.000454018    6.98634e-07    1.49898e-06    7.02726e-08    0.000101515    1.01703e-07   -0.000101515    1.01703e-07       0.362969   1000000         1
     0.188     0.00839486     9.1182e-06   -0.000135667    7.84512e-07      0.0012455    1.87097e-06   -0.000221448    8.56931e-07    -0.00022382    2.17814e-07   -8.43761e-05    4.83786e-07    0.000100344     3.9322e-07   -0.000100344     3.9322e-07    0.000445684    6.51791e-07    0.000445684    6.51791e-07    1.87717e-06    6.90479e-08    0.000100242    9.54979e-08   -0.000100242    9.54979e-08       0.360969   1000000         1
     0.189     0.00824246    8.62227e-06    -0.00013621    7.69992e-07     0.00122054    1.77439e-06   -0.000213364    8.50777e-07    -0.00022108     2.0765e-07   -8.17378e-05    4.62806e-07    9.97301e-05    3.85867e-07   -9.97301e-05    3.85867e-07     0.00043751    6.18431e-07     0.00043751    6.18431e-07      2.247e-06    6.83506e-08    9.89856e-05    9.08307e-08   -9.89856e-05    9.08307e-08       0.364172   1000000         1
      0.19     0.00809288    8.29005e-06   -0.000136598    7.63004e-07     0.00119605    1.70984e-06   -0.000205525    8.46173e-07   -0.000218377     1.9934e-07   -7.91671e-05    4.47444e-07    9.90597e-05    3.82769e-07   -9.90597e-05    3.82769e-07    0.000429485    5.94669e-07    0.000429485    5.94669e-07    2.59825e-06    6.77108e-08    9.77466e-05    8.70578e-08   -9.77466e-05    8.70578e-08       0.366516   1000000         1
     0.191     0.00794636    7.73291e-06   -0.000137015    7.40165e-07     0.00117214    1.60108e-06   -0.000197804    8.36932e-07   -0.000215706    1.89761e-07   -7.66811e-05    4.25227e-07    9.84235e-05    3.70747e-07   -9.84235e-05    3.70747e-07     0.00042162    5.58839e-07     0.00042162    5.58839e-07    2.94382e-06    6.68135e-08    9.65232e-05    8.25902e-08   -9.65232e-05    8.25902e-08       0.365349   1000000         1
     0.192     0.00780468    7.11309e-06   -0.000137346    7.13526e-07     0.00114913     1.4808e-06   -0.000190303    8.27059e-07   -0.000213102    1.80483e-07   -7.43579e-05    4.03624e-07    9.77675e-05     3.5645e-07   -9.77675e-05     3.5645e-07    0.000414039    5.20683e-07    0.000414039    5.20683e-07    3.27348e-06      6.631e-08    9.53311e-05    7.82165e-08   -9.53311e-05    7.82165e-08       0.372085   1000000         1
     0.193     0.00766468    6.67172e-06   -0.000137608    6.94421e-07     0.00112634    1.39697e-06   -0.000182935    8.18249e-07   -0.000210514    1.72441e-07   -7.20041e-05    3.86857e-07    9.70969e-05    3.46551e-07   -9.70969e-05    3.46551e-07    0.000406517    4.92446e-07    0.000406517    4.92446e-07    3.59979e-06    6.54109e-08    9.41463e-05    7.44763e-08   -9.41463e-05    7.44763e-08       0.363273   1000000         1
     0.194     0.00752807    6.31974e-06   -0.000137807    6.78886e-07     0.00110415    1.32854e-06   -0.000175724    8.10445e-07   -0.000207969    1.66107e-07   -6.97191e-05    3.72302e-07    9.64205e-05    3.38539e-07   -9.64205e-05    3.38539e-07     0.00039918    4.69457e-07     0.00039918    4.69457e-07     3.9196e-06    6.45773e-08    9.29822e-05    7.15346e-08   -9.29822e-05    7.15346e-08       0.461608   1000000         1
     0.195     0.00739386    5.98585e-06   -0.000137921    6.63352e-07     0.00108236    1.26381e-06   -0.000168718     8.0216e-07   -0.000205454    1.60176e-07   -6.74891e-05    3.58928e-07    9.57203e-05    3.30515e-07   -9.57203e-05    3.30515e-07    0.000391963     4.4781e-07    0.000391963     4.4781e-07    4.22452e-06    6.38006e-08    9.18323e-05    6.87819e-08   -9.18323e-05    6.87819e-08       0.366882   1000000         1
     0.196     0.00726269    5.69748e-06   -0.000138009    6.48993e-07     0.00106114    1.20728e-06   -0.000161859    7.94243e-07   -0.000202979    1.54906e-07   -6.53512e-05     3.4785e-07    9.50257e-05    3.23182e-07   -9.50257e-05    3.23182e-07    0.000384916    4.28802e-07    0.000384916    4.28802e-07    4.51947e-06    6.32433e-08    9.07007e-05    6.63505e-08   -9.07007e-05    6.63505e-08       0.364647   1000000         1
     0.197     0.00713382    5.54311e-06   -0.000138016    6.40511e-07     0.00104029    1.17521e-06   -0.000155165    7.87007e-07   -0.000200533    1.50796e-07    -6.3247e-05    3.38659e-07    9.43109e-05    3.19146e-07   -9.43109e-05    3.19146e-07    0.000377986    4.16919e-07    0.000377986    4.16919e-07    4.80541e-06    6.23701e-08    8.95829e-05     6.4511e-08   -8.95829e-05     6.4511e-08       0.362789   1000000         1
     0.198     0.00700796    5.15757e-06   -0.000137988    6.20613e-07     0.00101997    1.10241e-06   -0.000148619    7.76168e-07   -0.000198124    1.45222e-07   -6.12133e-05    3.25065e-07    9.35941e-05    3.08587e-07   -9.35941e-05    3.08587e-07    0.000371214    3.93692e-07    0.000371214    3.93692e-07    5.08345e-06     6.1481e-08    8.84824e-05     6.1885e-08   -8.84824e-05     6.1885e-08       0.363714   1000000         1
     0.199     0.00688466    4.98423e-06   -0.000137898    6.09958e-07      0.0010001    1.06608e-06   -0.000142237    7.68499e-07    -0.00019575    1.41717e-07   -5.92356e-05    3.17702e-07    9.28711e-05    3.03295e-07   -9.28711e-05    3.03295e-07    0.000364581    3.81269e-07    0.000364581    3.81269e-07    5.35113e-06    6.10848e-08    8.73988e-05    6.03023e-08   -8.73988e-05    6.03023e-08       0.362044   1000000         1
