z2,<dsig|1;0>,err[1],<dsig|2;0>,err[2],<ALL|0;0>,err[3],<ALL|1;0>,err[4],<dsig|0;1>,err[5],<dsig|1;-1>,err[6],<dsig|1;1>,err[7],<dsig|2;1>,err[8],<dsig|2;-1>,err[9],<ALL|0;1>,err[10],<ALL|1;-1>,err[11],<ALL|1;1>,err[12],AUzi,err[13],AUcfqzi,err[14],AUc2fqzi,err[15],ALzi,err[16],ALcfqzi,err[17],BUcf12zi,err[18],BUcfqmf12zi,err[19],BUcfqpf12zi,err[20],BUc2fqmf12zi,err[21],BUc2fqpf12zi,err[22],BLcf12zi,err[23],BLcfqmf12zi,err[24],BLcfqpf12zi,err[25],time[s],neval,fail
0.1,0.190923,0.000131186,0.130186,0.000111629,-0.0170175,1.09821e-05,-0.00189569,1.1049e-06,0.00628916,9.08246e-06,-0.0169945,1.19062e-05,0.0169945,1.19062e-05,0.0091459,7.12416e-06,0.0091459,7.12416e-06,-0.000406823,2.40345e-07,0.000156776,9.19838e-08,-0.000156776,9.19838e-08,0.00564986,2.53834e-06,0.000539345,2.80396e-07,0.000735531,5.37185e-07,-9.61466e-05,4.45418e-08,-5.35519e-06,1.98839e-09,0.000108636,1.49101e-07,-0.000293555,1.57805e-07,0.000293555,1.57805e-07,0.000157981,1.00528e-07,0.000157981,1.00528e-07,-7.02725e-06,2.69594e-09,2.70808e-06,1.02189e-09,-2.70808e-06,1.02189e-09,3.03755,10000000,1
0.15,0.190923,0.000131186,0.130186,0.000111629,-0.0170175,1.09821e-05,-0.00189569,1.1049e-06,0.00623443,9.00341e-06,-0.0168466,1.18026e-05,0.0168466,1.18026e-05,0.0090663,7.06216e-06,0.0090663,7.06216e-06,-0.000403282,2.38254e-07,0.000155412,9.11832e-08,-0.000155412,9.11832e-08,0.00564986,2.53834e-06,0.000539345,2.80396e-07,0.000735531,5.37185e-07,-9.61466e-05,4.45418e-08,-5.35519e-06,1.98839e-09,0.000108636,1.49101e-07,-0.000293555,1.57805e-07,0.000293555,1.57805e-07,0.000157981,1.00528e-07,0.000157981,1.00528e-07,-7.02725e-06,2.69594e-09,2.70808e-06,1.02189e-09,-2.70808e-06,1.02189e-09,3.03411,10000000,1
0.2,0.190923,0.000131186,0.130186,0.000111629,-0.0170175,1.09821e-05,-0.00189569,1.1049e-06,0.00641741,9.26768e-06,-0.0173411,1.2149e-05,0.0173411,1.2149e-05,0.0093324,7.26944e-06,0.0093324,7.26944e-06,-0.000415119,2.45247e-07,0.000159974,9.38595e-08,-0.000159974,9.38595e-08,0.00564986,2.53834e-06,0.000539345,2.80396e-07,0.000735531,5.37185e-07,-9.61466e-05,4.45418e-08,-5.35519e-06,1.98839e-09,0.000108636,1.49101e-07,-0.000293555,1.57805e-07,0.000293555,1.57805e-07,0.000157981,1.00528e-07,0.000157981,1.00528e-07,-7.02725e-06,2.69594e-09,2.70808e-06,1.02189e-09,-2.70808e-06,1.02189e-09,3.04658,10000000,1
0.25,0.190923,0.000131186,0.130186,0.000111629,-0.0170175,1.09821e-05,-0.00189569,1.1049e-06,0.00680285,9.8243e-06,-0.0183826,1.28787e-05,0.0183826,1.28787e-05,0.00989292,7.70605e-06,0.00989292,7.70605e-06,-0.000440052,2.59976e-07,0.000169582,9.94969e-08,-0.000169582,9.94969e-08,0.00564986,2.53834e-06,0.000539345,2.80396e-07,0.000735531,5.37185e-07,-9.61466e-05,4.45418e-08,-5.35519e-06,1.98839e-09,0.000108636,1.49101e-07,-0.000293555,1.57805e-07,0.000293555,1.57805e-07,0.000157981,1.00528e-07,0.000157981,1.00528e-07,-7.02725e-06,2.69594e-09,2.70808e-06,1.02189e-09,-2.70808e-06,1.02189e-09,3.05026,10000000,1
0.3,0.190923,0.000131186,0.130186,0.000111629,-0.0170175,1.09821e-05,-0.00189569,1.1049e-06,0.00728981,1.05275e-05,-0.0196985,1.38005e-05,0.0196985,1.38005e-05,0.0106011,8.25766e-06,0.0106011,8.25766e-06,-0.000471551,2.78586e-07,0.000181721,1.06619e-07,-0.000181721,1.06619e-07,0.00564986,2.53834e-06,0.000539345,2.80396e-07,0.000735531,5.37185e-07,-9.61466e-05,4.45418e-08,-5.35519e-06,1.98839e-09,0.000108636,1.49101e-07,-0.000293555,1.57805e-07,0.000293555,1.57805e-07,0.000157981,1.00528e-07,0.000157981,1.00528e-07,-7.02725e-06,2.69594e-09,2.70808e-06,1.02189e-09,-2.70808e-06,1.02189e-09,3.09135,10000000,1
0.35,0.190923,0.000131186,0.130186,0.000111629,-0.0170175,1.09821e-05,-0.00189569,1.1049e-06,0.00779338,1.12548e-05,-0.0210592,1.47539e-05,0.0210592,1.47539e-05,0.0113334,8.82809e-06,0.0113334,8.82809e-06,-0.000504126,2.9783e-07,0.000194274,1.13984e-07,-0.000194274,1.13984e-07,0.00564986,2.53834e-06,0.000539345,2.80396e-07,0.000735531,5.37185e-07,-9.61466e-05,4.45418e-08,-5.35519e-06,1.98839e-09,0.000108636,1.49101e-07,-0.000293555,1.57805e-07,0.000293555,1.57805e-07,0.000157981,1.00528e-07,0.000157981,1.00528e-07,-7.02725e-06,2.69594e-09,2.70808e-06,1.02189e-09,-2.70808e-06,1.02189e-09,3.06165,10000000,1
0.4,0.190923,0.000131186,0.130186,0.000111629,-0.0170175,1.09821e-05,-0.00189569,1.1049e-06,0.00827556,1.19511e-05,-0.0223622,1.56667e-05,0.0223622,1.56667e-05,0.0120346,9.37429e-06,0.0120346,9.37429e-06,-0.000535316,3.16257e-07,0.000206294,1.21036e-07,-0.000206294,1.21036e-07,0.00564986,2.53834e-06,0.000539345,2.80396e-07,0.000735531,5.37185e-07,-9.61466e-05,4.45418e-08,-5.35519e-06,1.98839e-09,0.000108636,1.49101e-07,-0.000293555,1.57805e-07,0.000293555,1.57805e-07,0.000157981,1.00528e-07,0.000157981,1.00528e-07,-7.02725e-06,2.69594e-09,2.70808e-06,1.02189e-09,-2.70808e-06,1.02189e-09,3.1926,10000000,1
0.45,0.190923,0.000131186,0.130186,0.000111629,-0.0170175,1.09821e-05,-0.00189569,1.1049e-06,0.00873629,1.26165e-05,-0.0236072,1.65389e-05,0.0236072,1.65389e-05,0.0127046,9.89619e-06,0.0127046,9.89619e-06,-0.000565119,3.33864e-07,0.000217779,1.27775e-07,-0.000217779,1.27775e-07,0.00564986,2.53834e-06,0.000539345,2.80396e-07,0.000735531,5.37185e-07,-9.61466e-05,4.45418e-08,-5.35519e-06,1.98839e-09,0.000108636,1.49101e-07,-0.000293555,1.57805e-07,0.000293555,1.57805e-07,0.000157981,1.00528e-07,0.000157981,1.00528e-07,-7.02725e-06,2.69594e-09,2.70808e-06,1.02189e-09,-2.70808e-06,1.02189e-09,3.0594,10000000,1
0.5,0.190923,0.000131186,0.130186,0.000111629,-0.0170175,1.09821e-05,-0.00189569,1.1049e-06,0.00919188,1.32744e-05,-0.0248382,1.74014e-05,0.0248382,1.74014e-05,0.0133671,1.04123e-05,0.0133671,1.04123e-05,-0.000594589,3.51275e-07,0.000229135,1.34438e-07,-0.000229135,1.34438e-07,0.00564986,2.53834e-06,0.000539345,2.80396e-07,0.000735531,5.37185e-07,-9.61466e-05,4.45418e-08,-5.35519e-06,1.98839e-09,0.000108636,1.49101e-07,-0.000293555,1.57805e-07,0.000293555,1.57805e-07,0.000157981,1.00528e-07,0.000157981,1.00528e-07,-7.02725e-06,2.69594e-09,2.70808e-06,1.02189e-09,-2.70808e-06,1.02189e-09,3.07728,10000000,1
0.55,0.190923,0.000131186,0.130186,0.000111629,-0.0170175,1.09821e-05,-0.00189569,1.1049e-06,0.00964665,1.39312e-05,-0.0260671,1.82623e-05,0.0260671,1.82623e-05,0.0140285,1.09274e-05,0.0140285,1.09274e-05,-0.000624007,3.68654e-07,0.000240472,1.4109e-07,-0.000240472,1.4109e-07,0.00564986,2.53834e-06,0.000539345,2.80396e-07,0.000735531,5.37185e-07,-9.61466e-05,4.45418e-08,-5.35519e-06,1.98839e-09,0.000108636,1.49101e-07,-0.000293555,1.57805e-07,0.000293555,1.57805e-07,0.000157981,1.00528e-07,0.000157981,1.00528e-07,-7.02725e-06,2.69594e-09,2.70808e-06,1.02189e-09,-2.70808e-06,1.02189e-09,3.27266,10000000,1
0.6,0.190923,0.000131186,0.130186,0.000111629,-0.0170175,1.09821e-05,-0.00189569,1.1049e-06,0.0100766,1.4552e-05,-0.0272289,1.90762e-05,0.0272289,1.90762e-05,0.0146537,1.14144e-05,0.0146537,1.14144e-05,-0.000651817,3.85084e-07,0.000251189,1.47378e-07,-0.000251189,1.47378e-07,0.00564986,2.53834e-06,0.000539345,2.80396e-07,0.000735531,5.37185e-07,-9.61466e-05,4.45418e-08,-5.35519e-06,1.98839e-09,0.000108636,1.49101e-07,-0.000293555,1.57805e-07,0.000293555,1.57805e-07,0.000157981,1.00528e-07,0.000157981,1.00528e-07,-7.02725e-06,2.69594e-09,2.70808e-06,1.02189e-09,-2.70808e-06,1.02189e-09,3.3037,10000000,1
0.65,0.190923,0.000131186,0.130186,0.000111629,-0.0170175,1.09821e-05,-0.00189569,1.1049e-06,0.0104324,1.50659e-05,-0.0281903,1.97498e-05,0.0281903,1.97498e-05,0.0151711,1.18175e-05,0.0151711,1.18175e-05,-0.000674833,3.98682e-07,0.000260059,1.52582e-07,-0.000260059,1.52582e-07,0.00564986,2.53834e-06,0.000539345,2.80396e-07,0.000735531,5.37185e-07,-9.61466e-05,4.45418e-08,-5.35519e-06,1.98839e-09,0.000108636,1.49101e-07,-0.000293555,1.57805e-07,0.000293555,1.57805e-07,0.000157981,1.00528e-07,0.000157981,1.00528e-07,-7.02725e-06,2.69594e-09,2.70808e-06,1.02189e-09,-2.70808e-06,1.02189e-09,3.52748,10000000,1
0.7,0.190923,0.000131186,0.130186,0.000111629,-0.0170175,1.09821e-05,-0.00189569,1.1049e-06,0.0106572,1.53906e-05,-0.0287978,2.01755e-05,0.0287978,2.01755e-05,0.015498,1.20721e-05,0.015498,1.20721e-05,-0.000689376,4.07274e-07,0.000265663,1.5587e-07,-0.000265663,1.5587e-07,0.00564986,2.53834e-06,0.000539345,2.80396e-07,0.000735531,5.37185e-07,-9.61466e-05,4.45418e-08,-5.35519e-06,1.98839e-09,0.000108636,1.49101e-07,-0.000293555,1.57805e-07,0.000293555,1.57805e-07,0.000157981,1.00528e-07,0.000157981,1.00528e-07,-7.02725e-06,2.69594e-09,2.70808e-06,1.02189e-09,-2.70808e-06,1.02189e-09,3.69902,10000000,1
0.75,0.190923,0.000131186,0.130186,0.000111629,-0.0170175,1.09821e-05,-0.00189569,1.1049e-06,0.0107096,1.54662e-05,-0.0289393,2.02746e-05,0.0289393,2.02746e-05,0.0155742,1.21315e-05,0.0155742,1.21315e-05,-0.000692764,4.09275e-07,0.000266969,1.56636e-07,-0.000266969,1.56636e-07,0.00564986,2.53834e-06,0.000539345,2.80396e-07,0.000735531,5.37185e-07,-9.61466e-05,4.45418e-08,-5.35519e-06,1.98839e-09,0.000108636,1.49101e-07,-0.000293555,1.57805e-07,0.000293555,1.57805e-07,0.000157981,1.00528e-07,0.000157981,1.00528e-07,-7.02725e-06,2.69594e-09,2.70808e-06,1.02189e-09,-2.70808e-06,1.02189e-09,4.02474,10000000,1
0.8,0.190923,0.000131186,0.130186,0.000111629,-0.0170175,1.09821e-05,-0.00189569,1.1049e-06,0.0105815,1.52812e-05,-0.0285933,2.00321e-05,0.0285933,2.00321e-05,0.015388,1.19864e-05,0.015388,1.19864e-05,-0.000684479,4.04381e-07,0.000263776,1.54763e-07,-0.000263776,1.54763e-07,0.00564986,2.53834e-06,0.000539345,2.80396e-07,0.000735531,5.37185e-07,-9.61466e-05,4.45418e-08,-5.35519e-06,1.98839e-09,0.000108636,1.49101e-07,-0.000293555,1.57805e-07,0.000293555,1.57805e-07,0.000157981,1.00528e-07,0.000157981,1.00528e-07,-7.02725e-06,2.69594e-09,2.70808e-06,1.02189e-09,-2.70808e-06,1.02189e-09,3.43901,10000000,1
