,z2,<dsig|1;0>,err[1],<dsig|2;0>,err[2],<ALL|0;0>,err[3],<ALL|1;0>,err[4],<dsig|0;1>,err[5],<dsig|1;-1>,err[6],<dsig|1;1>,err[7],<dsig|2;1>,err[8],<dsig|2;-1>,err[9],<ALL|0;1>,err[10],<ALL|1;-1>,err[11],<ALL|1;1>,err[12],AUzi,err[13],AUcfqzi,err[14],AUc2fqzi,err[15],ALzi,err[16],ALcfqzi,err[17],BUcf12zi,err[18],BUcfqmf12zi,err[19],BUcfqpf12zi,err[20],BUc2fqmf12zi,err[21],BUc2fqpf12zi,err[22],BLcf12zi,err[23],BLcfqmf12zi,err[24],BLcfqpf12zi,err[25],time[s],neval,fail
,0.1,0.190288,0.000114079,0.0863818,6.85544e-05,-0.0145862,8.36258e-06,-0.00108953,5.4875e-07,0.00891241,5.71574e-06,-0.00871352,5.68659e-06,0.00871352,5.68659e-06,0.00253576,1.79862e-06,0.00253576,1.79862e-06,-0.000171719,8.77153e-08,4.25854e-05,2.20178e-08,-4.25854e-05,2.20178e-08,0.0192585,7.70677e-06,0.00183233,8.17946e-07,0.00166358,1.14012e-06,-0.000280907,1.15329e-07,-1.04913e-05,3.20854e-09,0.00115206,5.77361e-07,-0.00112635,5.80666e-07,0.00112635,5.80666e-07,0.000327785,1.91963e-07,0.000327785,1.91963e-07,-2.21972e-05,7.04687e-09,5.50481e-06,1.80215e-09,-5.50481e-06,1.80215e-09,2.96092,10000000,1
,0.15,0.190288,0.000114079,0.0863818,6.85544e-05,-0.0145862,8.36258e-06,-0.00108953,5.4875e-07,0.00901097,5.77895e-06,-0.00880988,5.74948e-06,0.00880988,5.74948e-06,0.0025638,1.81851e-06,0.0025638,1.81851e-06,-0.000173617,8.86853e-08,4.30564e-05,2.22613e-08,-4.30564e-05,2.22613e-08,0.0192585,7.70677e-06,0.00183233,8.17946e-07,0.00166358,1.14012e-06,-0.000280907,1.15329e-07,-1.04913e-05,3.20854e-09,0.00115206,5.77361e-07,-0.00112635,5.80666e-07,0.00112635,5.80666e-07,0.000327785,1.91963e-07,0.000327785,1.91963e-07,-2.21972e-05,7.04687e-09,5.50481e-06,1.80215e-09,-5.50481e-06,1.80215e-09,2.96977,10000000,1
,0.2,0.190288,0.000114079,0.0863818,6.85544e-05,-0.0145862,8.36258e-06,-0.00108953,5.4875e-07,0.00931193,5.97196e-06,-0.00910412,5.94151e-06,0.00910412,5.94151e-06,0.00264943,1.87925e-06,0.00264943,1.87925e-06,-0.000179416,9.16474e-08,4.44945e-05,2.30048e-08,-4.44945e-05,2.30048e-08,0.0192585,7.70677e-06,0.00183233,8.17946e-07,0.00166358,1.14012e-06,-0.000280907,1.15329e-07,-1.04913e-05,3.20854e-09,0.00115206,5.77361e-07,-0.00112635,5.80666e-07,0.00112635,5.80666e-07,0.000327785,1.91963e-07,0.000327785,1.91963e-07,-2.21972e-05,7.04687e-09,5.50481e-06,1.80215e-09,-5.50481e-06,1.80215e-09,2.94444,10000000,1
,0.25,0.190288,0.000114079,0.0863818,6.85544e-05,-0.0145862,8.36258e-06,-0.00108953,5.4875e-07,0.00976196,6.26058e-06,-0.00954411,6.22865e-06,0.00954411,6.22865e-06,0.00277747,1.97007e-06,0.00277747,1.97007e-06,-0.000188087,9.60766e-08,4.66448e-05,2.41166e-08,-4.66448e-05,2.41166e-08,0.0192585,7.70677e-06,0.00183233,8.17946e-07,0.00166358,1.14012e-06,-0.000280907,1.15329e-07,-1.04913e-05,3.20854e-09,0.00115206,5.77361e-07,-0.00112635,5.80666e-07,0.00112635,5.80666e-07,0.000327785,1.91963e-07,0.000327785,1.91963e-07,-2.21972e-05,7.04687e-09,5.50481e-06,1.80215e-09,-5.50481e-06,1.80215e-09,2.96695,10000000,1
,0.3,0.190288,0.000114079,0.0863818,6.85544e-05,-0.0145862,8.36258e-06,-0.00108953,5.4875e-07,0.010253,6.57548e-06,-0.0100242,6.54194e-06,0.0100242,6.54194e-06,0.00291718,2.06916e-06,0.00291718,2.06916e-06,-0.000197548,1.00909e-07,4.8991e-05,2.53297e-08,-4.8991e-05,2.53297e-08,0.0192585,7.70677e-06,0.00183233,8.17946e-07,0.00166358,1.14012e-06,-0.000280907,1.15329e-07,-1.04913e-05,3.20854e-09,0.00115206,5.77361e-07,-0.00112635,5.80666e-07,0.00112635,5.80666e-07,0.000327785,1.91963e-07,0.000327785,1.91963e-07,-2.21972e-05,7.04687e-09,5.50481e-06,1.80215e-09,-5.50481e-06,1.80215e-09,2.95352,10000000,1
,0.35,0.190288,0.000114079,0.0863818,6.85544e-05,-0.0145862,8.36258e-06,-0.00108953,5.4875e-07,0.0107227,6.87675e-06,-0.0104835,6.84168e-06,0.0104835,6.84168e-06,0.00305084,2.16397e-06,0.00305084,2.16397e-06,-0.000206599,1.05533e-07,5.12356e-05,2.64902e-08,-5.12356e-05,2.64902e-08,0.0192585,7.70677e-06,0.00183233,8.17946e-07,0.00166358,1.14012e-06,-0.000280907,1.15329e-07,-1.04913e-05,3.20854e-09,0.00115206,5.77361e-07,-0.00112635,5.80666e-07,0.00112635,5.80666e-07,0.000327785,1.91963e-07,0.000327785,1.91963e-07,-2.21972e-05,7.04687e-09,5.50481e-06,1.80215e-09,-5.50481e-06,1.80215e-09,2.95994,10000000,1
,0.4,0.190288,0.000114079,0.0863818,6.85544e-05,-0.0145862,8.36258e-06,-0.00108953,5.4875e-07,0.0111734,7.16576e-06,-0.010924,7.12922e-06,0.010924,7.12922e-06,0.00317905,2.25491e-06,0.00317905,2.25491e-06,-0.000215282,1.09968e-07,5.33889e-05,2.76035e-08,-5.33889e-05,2.76035e-08,0.0192585,7.70677e-06,0.00183233,8.17946e-07,0.00166358,1.14012e-06,-0.000280907,1.15329e-07,-1.04913e-05,3.20854e-09,0.00115206,5.77361e-07,-0.00112635,5.80666e-07,0.00112635,5.80666e-07,0.000327785,1.91963e-07,0.000327785,1.91963e-07,-2.21972e-05,7.04687e-09,5.50481e-06,1.80215e-09,-5.50481e-06,1.80215e-09,2.96085,10000000,1
,0.45,0.190288,0.000114079,0.0863818,6.85544e-05,-0.0145862,8.36258e-06,-0.00108953,5.4875e-07,0.0116322,7.45999e-06,-0.0113726,7.42195e-06,0.0113726,7.42195e-06,0.00330959,2.3475e-06,0.00330959,2.3475e-06,-0.000224121,1.14483e-07,5.55811e-05,2.87369e-08,-5.55811e-05,2.87369e-08,0.0192585,7.70677e-06,0.00183233,8.17946e-07,0.00166358,1.14012e-06,-0.000280907,1.15329e-07,-1.04913e-05,3.20854e-09,0.00115206,5.77361e-07,-0.00112635,5.80666e-07,0.00112635,5.80666e-07,0.000327785,1.91963e-07,0.000327785,1.91963e-07,-2.21972e-05,7.04687e-09,5.50481e-06,1.80215e-09,-5.50481e-06,1.80215e-09,2.96195,10000000,1
,0.5,0.190288,0.000114079,0.0863818,6.85544e-05,-0.0145862,8.36258e-06,-0.00108953,5.4875e-07,0.0121036,7.76235e-06,-0.0118335,7.72277e-06,0.0118335,7.72277e-06,0.00344373,2.44265e-06,0.00344373,2.44265e-06,-0.000233205,1.19123e-07,5.78339e-05,2.99017e-08,-5.78339e-05,2.99017e-08,0.0192585,7.70677e-06,0.00183233,8.17946e-07,0.00166358,1.14012e-06,-0.000280907,1.15329e-07,-1.04913e-05,3.20854e-09,0.00115206,5.77361e-07,-0.00112635,5.80666e-07,0.00112635,5.80666e-07,0.000327785,1.91963e-07,0.000327785,1.91963e-07,-2.21972e-05,7.04687e-09,5.50481e-06,1.80215e-09,-5.50481e-06,1.80215e-09,2.9742,10000000,1
,0.55,0.190288,0.000114079,0.0863818,6.85544e-05,-0.0145862,8.36258e-06,-0.00108953,5.4875e-07,0.0125372,8.04043e-06,-0.0122574,7.99942e-06,0.0122574,7.99942e-06,0.00356709,2.53015e-06,0.00356709,2.53015e-06,-0.000241559,1.23391e-07,5.99057e-05,3.09728e-08,-5.99057e-05,3.09728e-08,0.0192585,7.70677e-06,0.00183233,8.17946e-07,0.00166358,1.14012e-06,-0.000280907,1.15329e-07,-1.04913e-05,3.20854e-09,0.00115206,5.77361e-07,-0.00112635,5.80666e-07,0.00112635,5.80666e-07,0.000327785,1.91963e-07,0.000327785,1.91963e-07,-2.21972e-05,7.04687e-09,5.50481e-06,1.80215e-09,-5.50481e-06,1.80215e-09,2.94767,10000000,1
,0.6,0.190288,0.000114079,0.0863818,6.85544e-05,-0.0145862,8.36258e-06,-0.00108953,5.4875e-07,0.0128331,8.23016e-06,-0.0125467,8.18819e-06,0.0125467,8.18819e-06,0.00365127,2.58985e-06,0.00365127,2.58985e-06,-0.000247259,1.26302e-07,6.13193e-05,3.17037e-08,-6.13193e-05,3.17037e-08,0.0192585,7.70677e-06,0.00183233,8.17946e-07,0.00166358,1.14012e-06,-0.000280907,1.15329e-07,-1.04913e-05,3.20854e-09,0.00115206,5.77361e-07,-0.00112635,5.80666e-07,0.00112635,5.80666e-07,0.000327785,1.91963e-07,0.000327785,1.91963e-07,-2.21972e-05,7.04687e-09,5.50481e-06,1.80215e-09,-5.50481e-06,1.80215e-09,2.97315,10000000,1
,0.65,0.190288,0.000114079,0.0863818,6.85544e-05,-0.0145862,8.36258e-06,-0.00108953,5.4875e-07,0.0128974,8.27138e-06,-0.0126095,8.2292e-06,0.0126095,8.2292e-06,0.00366956,2.60283e-06,0.00366956,2.60283e-06,-0.000248498,1.26935e-07,6.16264e-05,3.18625e-08,-6.16264e-05,3.18625e-08,0.0192585,7.70677e-06,0.00183233,8.17946e-07,0.00166358,1.14012e-06,-0.000280907,1.15329e-07,-1.04913e-05,3.20854e-09,0.00115206,5.77361e-07,-0.00112635,5.80666e-07,0.00112635,5.80666e-07,0.000327785,1.91963e-07,0.000327785,1.91963e-07,-2.21972e-05,7.04687e-09,5.50481e-06,1.80215e-09,-5.50481e-06,1.80215e-09,2.95926,10000000,1
,0.7,0.190288,0.000114079,0.0863818,6.85544e-05,-0.0145862,8.36258e-06,-0.00108953,5.4875e-07,0.0126658,8.12289e-06,-0.0123832,8.08147e-06,0.0123832,8.08147e-06,0.00360368,2.5561e-06,0.00360368,2.5561e-06,-0.000244037,1.24656e-07,6.05201e-05,3.12905e-08,-6.05201e-05,3.12905e-08,0.0192585,7.70677e-06,0.00183233,8.17946e-07,0.00166358,1.14012e-06,-0.000280907,1.15329e-07,-1.04913e-05,3.20854e-09,0.00115206,5.77361e-07,-0.00112635,5.80666e-07,0.00112635,5.80666e-07,0.000327785,1.91963e-07,0.000327785,1.91963e-07,-2.21972e-05,7.04687e-09,5.50481e-06,1.80215e-09,-5.50481e-06,1.80215e-09,2.95428,10000000,1
,0.75,0.190288,0.000114079,0.0863818,6.85544e-05,-0.0145862,8.36258e-06,-0.00108953,5.4875e-07,0.0121476,7.79055e-06,-0.0118765,7.75082e-06,0.0118765,7.75082e-06,0.00345624,2.45152e-06,0.00345624,2.45152e-06,-0.000234052,1.19556e-07,5.8044e-05,3.00103e-08,-5.8044e-05,3.00103e-08,0.0192585,7.70677e-06,0.00183233,8.17946e-07,0.00166358,1.14012e-06,-0.000280907,1.15329e-07,-1.04913e-05,3.20854e-09,0.00115206,5.77361e-07,-0.00112635,5.80666e-07,0.00112635,5.80666e-07,0.000327785,1.91963e-07,0.000327785,1.91963e-07,-2.21972e-05,7.04687e-09,5.50481e-06,1.80215e-09,-5.50481e-06,1.80215e-09,2.95693,10000000,1
,0.8,0.190288,0.000114079,0.0863818,6.85544e-05,-0.0145862,8.36258e-06,-0.00108953,5.4875e-07,0.0114232,7.32598e-06,-0.0111683,7.28862e-06,0.0111683,7.28862e-06,0.00325013,2.30533e-06,0.00325013,2.30533e-06,-0.000220095,1.12427e-07,5.45826e-05,2.82207e-08,-5.45826e-05,2.82207e-08,0.0192585,7.70677e-06,0.00183233,8.17946e-07,0.00166358,1.14012e-06,-0.000280907,1.15329e-07,-1.04913e-05,3.20854e-09,0.00115206,5.77361e-07,-0.00112635,5.80666e-07,0.00112635,5.80666e-07,0.000327785,1.91963e-07,0.000327785,1.91963e-07,-2.21972e-05,7.04687e-09,5.50481e-06,1.80215e-09,-5.50481e-06,1.80215e-09,2.96628,10000000,1
