z2,<dsig|1;0>,err[1],<dsig|2;0>,err[2],<ALL|0;0>,err[3],<ALL|1;0>,err[4],<dsig|0;1>,err[5],<dsig|1;-1>,err[6],<dsig|1;1>,err[7],<dsig|2;1>,err[8],<dsig|2;-1>,err[9],<ALL|0;1>,err[10],<ALL|1;-1>,err[11],<ALL|1;1>,err[12],AUzi,err[13],AUcfqzi,err[14],AUc2fqzi,err[15],ALzi,err[16],ALcfqzi,err[17],BUcf12zi,err[18],BUcfqmf12zi,err[19],BUcfqpf12zi,err[20],BUc2fqmf12zi,err[21],BUc2fqpf12zi,err[22],BLcf12zi,err[23],BLcfqmf12zi,err[24],BLcfqpf12zi,err[25],time[s],neval,fail
0.1,0.190923,0.000131186,0.130186,0.000111629,-0.0170175,1.09821e-05,-0.00189569,1.1049e-06,0.00493036,7.12016e-06,-0.0133228,9.33381e-06,0.0133228,9.33381e-06,0.00716989,5.58496e-06,0.00716989,5.58496e-06,-0.000318927,1.88418e-07,0.000122904,7.21103e-08,-0.000122904,7.21103e-08,0.00564986,2.53834e-06,0.000539345,2.80396e-07,0.000735531,5.37185e-07,-9.61466e-05,4.45418e-08,-5.35519e-06,1.98839e-09,0.000108636,1.49101e-07,-0.000293555,1.57805e-07,0.000293555,1.57805e-07,0.000157981,1.00528e-07,0.000157981,1.00528e-07,-7.02725e-06,2.69594e-09,2.70808e-06,1.02189e-09,-2.70808e-06,1.02189e-09,3.05087,10000000,1
0.15,0.190923,0.000131186,0.130186,0.000111629,-0.0170175,1.09821e-05,-0.00189569,1.1049e-06,0.00486986,7.03278e-06,-0.0131593,9.21926e-06,0.0131593,9.21926e-06,0.0070819,5.51642e-06,0.0070819,5.51642e-06,-0.000315013,1.86106e-07,0.000121396,7.12254e-08,-0.000121396,7.12254e-08,0.00564986,2.53834e-06,0.000539345,2.80396e-07,0.000735531,5.37185e-07,-9.61466e-05,4.45418e-08,-5.35519e-06,1.98839e-09,0.000108636,1.49101e-07,-0.000293555,1.57805e-07,0.000293555,1.57805e-07,0.000157981,1.00528e-07,0.000157981,1.00528e-07,-7.02725e-06,2.69594e-09,2.70808e-06,1.02189e-09,-2.70808e-06,1.02189e-09,3.082,10000000,1
0.2,0.190923,0.000131186,0.130186,0.000111629,-0.0170175,1.09821e-05,-0.00189569,1.1049e-06,0.00500464,7.22743e-06,-0.0135235,9.47443e-06,0.0135235,9.47443e-06,0.00727791,5.6691e-06,0.00727791,5.6691e-06,-0.000323732,1.91257e-07,0.000124756,7.31967e-08,-0.000124756,7.31967e-08,0.00564986,2.53834e-06,0.000539345,2.80396e-07,0.000735531,5.37185e-07,-9.61466e-05,4.45418e-08,-5.35519e-06,1.98839e-09,0.000108636,1.49101e-07,-0.000293555,1.57805e-07,0.000293555,1.57805e-07,0.000157981,1.00528e-07,0.000157981,1.00528e-07,-7.02725e-06,2.69594e-09,2.70808e-06,1.02189e-09,-2.70808e-06,1.02189e-09,3.07545,10000000,1
0.25,0.190923,0.000131186,0.130186,0.000111629,-0.0170175,1.09821e-05,-0.00189569,1.1049e-06,0.00530622,7.66295e-06,-0.0143384,1.00453e-05,0.0143384,1.00453e-05,0.00771647,6.01071e-06,0.00771647,6.01071e-06,-0.00034324,2.02781e-07,0.000132274,7.76075e-08,-0.000132274,7.76075e-08,0.00564986,2.53834e-06,0.000539345,2.80396e-07,0.000735531,5.37185e-07,-9.61466e-05,4.45418e-08,-5.35519e-06,1.98839e-09,0.000108636,1.49101e-07,-0.000293555,1.57805e-07,0.000293555,1.57805e-07,0.000157981,1.00528e-07,0.000157981,1.00528e-07,-7.02725e-06,2.69594e-09,2.70808e-06,1.02189e-09,-2.70808e-06,1.02189e-09,3.08783,10000000,1
0.3,0.190923,0.000131186,0.130186,0.000111629,-0.0170175,1.09821e-05,-0.00189569,1.1049e-06,0.00568868,8.21529e-06,-0.0153719,1.07694e-05,0.0153719,1.07694e-05,0.00827266,6.44396e-06,0.00827266,6.44396e-06,-0.00036798,2.17398e-07,0.000141808,8.32013e-08,-0.000141808,8.32013e-08,0.00564986,2.53834e-06,0.000539345,2.80396e-07,0.000735531,5.37185e-07,-9.61466e-05,4.45418e-08,-5.35519e-06,1.98839e-09,0.000108636,1.49101e-07,-0.000293555,1.57805e-07,0.000293555,1.57805e-07,0.000157981,1.00528e-07,0.000157981,1.00528e-07,-7.02725e-06,2.69594e-09,2.70808e-06,1.02189e-09,-2.70808e-06,1.02189e-09,3.2123,10000000,1
0.35,0.190923,0.000131186,0.130186,0.000111629,-0.0170175,1.09821e-05,-0.00189569,1.1049e-06,0.00608008,8.78052e-06,-0.0164296,1.15104e-05,0.0164296,1.15104e-05,0.00884184,6.88732e-06,0.00884184,6.88732e-06,-0.000393298,2.32355e-07,0.000151565,8.89258e-08,-0.000151565,8.89258e-08,0.00564986,2.53834e-06,0.000539345,2.80396e-07,0.000735531,5.37185e-07,-9.61466e-05,4.45418e-08,-5.35519e-06,1.98839e-09,0.000108636,1.49101e-07,-0.000293555,1.57805e-07,0.000293555,1.57805e-07,0.000157981,1.00528e-07,0.000157981,1.00528e-07,-7.02725e-06,2.69594e-09,2.70808e-06,1.02189e-09,-2.70808e-06,1.02189e-09,3.07677,10000000,1
0.4,0.190923,0.000131186,0.130186,0.000111629,-0.0170175,1.09821e-05,-0.00189569,1.1049e-06,0.0064493,9.31373e-06,-0.0174273,1.22094e-05,0.0174273,1.22094e-05,0.00937878,7.30556e-06,0.00937878,7.30556e-06,-0.000417182,2.46465e-07,0.000160768,9.43259e-08,-0.000160768,9.43259e-08,0.00564986,2.53834e-06,0.000539345,2.80396e-07,0.000735531,5.37185e-07,-9.61466e-05,4.45418e-08,-5.35519e-06,1.98839e-09,0.000108636,1.49101e-07,-0.000293555,1.57805e-07,0.000293555,1.57805e-07,0.000157981,1.00528e-07,0.000157981,1.00528e-07,-7.02725e-06,2.69594e-09,2.70808e-06,1.02189e-09,-2.70808e-06,1.02189e-09,3.09948,10000000,1
0.45,0.190923,0.000131186,0.130186,0.000111629,-0.0170175,1.09821e-05,-0.00189569,1.1049e-06,0.00679746,9.81652e-06,-0.0183681,1.28685e-05,0.0183681,1.28685e-05,0.00988508,7.69994e-06,0.00988508,7.69994e-06,-0.000439703,2.5977e-07,0.000169447,9.9418e-08,-0.000169447,9.9418e-08,0.00564986,2.53834e-06,0.000539345,2.80396e-07,0.000735531,5.37185e-07,-9.61466e-05,4.45418e-08,-5.35519e-06,1.98839e-09,0.000108636,1.49101e-07,-0.000293555,1.57805e-07,0.000293555,1.57805e-07,0.000157981,1.00528e-07,0.000157981,1.00528e-07,-7.02725e-06,2.69594e-09,2.70808e-06,1.02189e-09,-2.70808e-06,1.02189e-09,3.13736,10000000,1
0.5,0.190923,0.000131186,0.130186,0.000111629,-0.0170175,1.09821e-05,-0.00189569,1.1049e-06,0.00713846,1.0309e-05,-0.0192895,1.3514e-05,0.0192895,1.3514e-05,0.010381,8.08622e-06,0.010381,8.08622e-06,-0.000461761,2.72802e-07,0.000177948,1.04405e-07,-0.000177948,1.04405e-07,0.00564986,2.53834e-06,0.000539345,2.80396e-07,0.000735531,5.37185e-07,-9.61466e-05,4.45418e-08,-5.35519e-06,1.98839e-09,0.000108636,1.49101e-07,-0.000293555,1.57805e-07,0.000293555,1.57805e-07,0.000157981,1.00528e-07,0.000157981,1.00528e-07,-7.02725e-06,2.69594e-09,2.70808e-06,1.02189e-09,-2.70808e-06,1.02189e-09,3.09134,10000000,1
0.55,0.190923,0.000131186,0.130186,0.000111629,-0.0170175,1.09821e-05,-0.00189569,1.1049e-06,0.00747516,1.07952e-05,-0.0201993,1.41514e-05,0.0201993,1.41514e-05,0.0108706,8.46762e-06,0.0108706,8.46762e-06,-0.000483541,2.85669e-07,0.000186341,1.0933e-07,-0.000186341,1.0933e-07,0.00564986,2.53834e-06,0.000539345,2.80396e-07,0.000735531,5.37185e-07,-9.61466e-05,4.45418e-08,-5.35519e-06,1.98839e-09,0.000108636,1.49101e-07,-0.000293555,1.57805e-07,0.000293555,1.57805e-07,0.000157981,1.00528e-07,0.000157981,1.00528e-07,-7.02725e-06,2.69594e-09,2.70808e-06,1.02189e-09,-2.70808e-06,1.02189e-09,3.15323,10000000,1
0.6,0.190923,0.000131186,0.130186,0.000111629,-0.0170175,1.09821e-05,-0.00189569,1.1049e-06,0.00778691,1.12454e-05,-0.0210417,1.47416e-05,0.0210417,1.47416e-05,0.011324,8.82076e-06,0.011324,8.82076e-06,-0.000503707,2.97583e-07,0.000194112,1.13889e-07,-0.000194112,1.13889e-07,0.00564986,2.53834e-06,0.000539345,2.80396e-07,0.000735531,5.37185e-07,-9.61466e-05,4.45418e-08,-5.35519e-06,1.98839e-09,0.000108636,1.49101e-07,-0.000293555,1.57805e-07,0.000293555,1.57805e-07,0.000157981,1.00528e-07,0.000157981,1.00528e-07,-7.02725e-06,2.69594e-09,2.70808e-06,1.02189e-09,-2.70808e-06,1.02189e-09,3.62366,10000000,1
0.65,0.190923,0.000131186,0.130186,0.000111629,-0.0170175,1.09821e-05,-0.00189569,1.1049e-06,0.00803327,1.16012e-05,-0.0217074,1.5208e-05,0.0217074,1.5208e-05,0.0116822,9.09983e-06,0.0116822,9.09983e-06,-0.000519643,3.06998e-07,0.000200254,1.17493e-07,-0.000200254,1.17493e-07,0.00564986,2.53834e-06,0.000539345,2.80396e-07,0.000735531,5.37185e-07,-9.61466e-05,4.45418e-08,-5.35519e-06,1.98839e-09,0.000108636,1.49101e-07,-0.000293555,1.57805e-07,0.000293555,1.57805e-07,0.000157981,1.00528e-07,0.000157981,1.00528e-07,-7.02725e-06,2.69594e-09,2.70808e-06,1.02189e-09,-2.70808e-06,1.02189e-09,3.14153,10000000,1
0.7,0.190923,0.000131186,0.130186,0.000111629,-0.0170175,1.09821e-05,-0.00189569,1.1049e-06,0.00817061,1.17995e-05,-0.0220786,1.5468e-05,0.0220786,1.5468e-05,0.011882,9.2554e-06,0.011882,9.2554e-06,-0.000528527,3.12246e-07,0.000203677,1.19501e-07,-0.000203677,1.19501e-07,0.00564986,2.53834e-06,0.000539345,2.80396e-07,0.000735531,5.37185e-07,-9.61466e-05,4.45418e-08,-5.35519e-06,1.98839e-09,0.000108636,1.49101e-07,-0.000293555,1.57805e-07,0.000293555,1.57805e-07,0.000157981,1.00528e-07,0.000157981,1.00528e-07,-7.02725e-06,2.69594e-09,2.70808e-06,1.02189e-09,-2.70808e-06,1.02189e-09,3.66712,10000000,1
0.75,0.190923,0.000131186,0.130186,0.000111629,-0.0170175,1.09821e-05,-0.00189569,1.1049e-06,0.00817269,1.18025e-05,-0.0220842,1.54719e-05,0.0220842,1.54719e-05,0.011885,9.25775e-06,0.011885,9.25775e-06,-0.000528661,3.12326e-07,0.000203729,1.19532e-07,-0.000203729,1.19532e-07,0.00564986,2.53834e-06,0.000539345,2.80396e-07,0.000735531,5.37185e-07,-9.61466e-05,4.45418e-08,-5.35519e-06,1.98839e-09,0.000108636,1.49101e-07,-0.000293555,1.57805e-07,0.000293555,1.57805e-07,0.000157981,1.00528e-07,0.000157981,1.00528e-07,-7.02725e-06,2.69594e-09,2.70808e-06,1.02189e-09,-2.70808e-06,1.02189e-09,3.63696,10000000,1
0.8,0.190923,0.000131186,0.130186,0.000111629,-0.0170175,1.09821e-05,-0.00189569,1.1049e-06,0.00804337,1.16158e-05,-0.0217348,1.52271e-05,0.0217348,1.52271e-05,0.0116969,9.11127e-06,0.0116969,9.11127e-06,-0.000520297,3.07384e-07,0.000200506,1.1764e-07,-0.000200506,1.1764e-07,0.00564986,2.53834e-06,0.000539345,2.80396e-07,0.000735531,5.37185e-07,-9.61466e-05,4.45418e-08,-5.35519e-06,1.98839e-09,0.000108636,1.49101e-07,-0.000293555,1.57805e-07,0.000293555,1.57805e-07,0.000157981,1.00528e-07,0.000157981,1.00528e-07,-7.02725e-06,2.69594e-09,2.70808e-06,1.02189e-09,-2.70808e-06,1.02189e-09,3.59497,10000000,1
