z2,<dsig|1;0>,err[1],<dsig|2;0>,err[2],<ALL|0;0>,err[3],<ALL|1;0>,err[4],<dsig|0;1>,err[5],<dsig|1;-1>,err[6],<dsig|1;1>,err[7],<dsig|2;1>,err[8],<dsig|2;-1>,err[9],<ALL|0;1>,err[10],<ALL|1;-1>,err[11],<ALL|1;1>,err[12],AUzi,err[13],AUcfqzi,err[14],AUc2fqzi,err[15],ALzi,err[16],ALcfqzi,err[17],BUcf12zi,err[18],BUcfqmf12zi,err[19],BUcfqpf12zi,err[20],BUc2fqmf12zi,err[21],BUc2fqpf12zi,err[22],BLcf12zi,err[23],BLcfqmf12zi,err[24],BLcfqpf12zi,err[25],time[s],neval,fail
0.1,0.190288,0.000114079,0.0863818,6.85544e-05,-0.0145862,8.36258e-06,-0.00108953,5.4875e-07,0.015867,1.01759e-05,-0.0155129,1.0124e-05,0.0155129,1.0124e-05,0.00451447,3.20212e-06,0.00451447,3.20212e-06,-0.000305714,1.56162e-07,7.58158e-05,3.91988e-08,-7.58158e-05,3.91988e-08,0.0192585,7.70677e-06,0.00183233,8.17946e-07,0.00166358,1.14012e-06,-0.000280907,1.15329e-07,-1.04913e-05,3.20854e-09,0.00115206,5.77361e-07,-0.00112635,5.80666e-07,0.00112635,5.80666e-07,0.000327785,1.91963e-07,0.000327785,1.91963e-07,-2.21972e-05,7.04687e-09,5.50481e-06,1.80215e-09,-5.50481e-06,1.80215e-09,2.97626,10000000,1
0.15,0.190288,0.000114079,0.0863818,6.85544e-05,-0.0145862,8.36258e-06,-0.00108953,5.4875e-07,0.0154095,9.88246e-06,-0.0150656,9.83206e-06,0.0150656,9.83206e-06,0.0043843,3.1098e-06,0.0043843,3.1098e-06,-0.0002969,1.51659e-07,7.36298e-05,3.80686e-08,-7.36298e-05,3.80686e-08,0.0192585,7.70677e-06,0.00183233,8.17946e-07,0.00166358,1.14012e-06,-0.000280907,1.15329e-07,-1.04913e-05,3.20854e-09,0.00115206,5.77361e-07,-0.00112635,5.80666e-07,0.00112635,5.80666e-07,0.000327785,1.91963e-07,0.000327785,1.91963e-07,-2.21972e-05,7.04687e-09,5.50481e-06,1.80215e-09,-5.50481e-06,1.80215e-09,2.95871,10000000,1
0.2,0.190288,0.000114079,0.0863818,6.85544e-05,-0.0145862,8.36258e-06,-0.00108953,5.4875e-07,0.0156705,1.00498e-05,-0.0153208,9.9986e-06,0.0153208,9.9986e-06,0.00445856,3.16247e-06,0.00445856,3.16247e-06,-0.000301929,1.54228e-07,7.4877e-05,3.87134e-08,-7.4877e-05,3.87134e-08,0.0192585,7.70677e-06,0.00183233,8.17946e-07,0.00166358,1.14012e-06,-0.000280907,1.15329e-07,-1.04913e-05,3.20854e-09,0.00115206,5.77361e-07,-0.00112635,5.80666e-07,0.00112635,5.80666e-07,0.000327785,1.91963e-07,0.000327785,1.91963e-07,-2.21972e-05,7.04687e-09,5.50481e-06,1.80215e-09,-5.50481e-06,1.80215e-09,2.97584,10000000,1
0.25,0.190288,0.000114079,0.0863818,6.85544e-05,-0.0145862,8.36258e-06,-0.00108953,5.4875e-07,0.0165451,1.06108e-05,-0.0161759,1.05566e-05,0.0161759,1.05566e-05,0.00470741,3.33898e-06,0.00470741,3.33898e-06,-0.00031878,1.62836e-07,7.90561e-05,4.08741e-08,-7.90561e-05,4.08741e-08,0.0192585,7.70677e-06,0.00183233,8.17946e-07,0.00166358,1.14012e-06,-0.000280907,1.15329e-07,-1.04913e-05,3.20854e-09,0.00115206,5.77361e-07,-0.00112635,5.80666e-07,0.00112635,5.80666e-07,0.000327785,1.91963e-07,0.000327785,1.91963e-07,-2.21972e-05,7.04687e-09,5.50481e-06,1.80215e-09,-5.50481e-06,1.80215e-09,2.95946,10000000,1
0.3,0.190288,0.000114079,0.0863818,6.85544e-05,-0.0145862,8.36258e-06,-0.00108953,5.4875e-07,0.0177263,1.13683e-05,-0.0173307,1.13103e-05,0.0173307,1.13103e-05,0.00504348,3.57735e-06,0.00504348,3.57735e-06,-0.000341538,1.74461e-07,8.47001e-05,4.37922e-08,-8.47001e-05,4.37922e-08,0.0192585,7.70677e-06,0.00183233,8.17946e-07,0.00166358,1.14012e-06,-0.000280907,1.15329e-07,-1.04913e-05,3.20854e-09,0.00115206,5.77361e-07,-0.00112635,5.80666e-07,0.00112635,5.80666e-07,0.000327785,1.91963e-07,0.000327785,1.91963e-07,-2.21972e-05,7.04687e-09,5.50481e-06,1.80215e-09,-5.50481e-06,1.80215e-09,2.96983,10000000,1
0.35,0.190288,0.000114079,0.0863818,6.85544e-05,-0.0145862,8.36258e-06,-0.00108953,5.4875e-07,0.0189501,1.21531e-05,-0.0185272,1.20912e-05,0.0185272,1.20912e-05,0.00539168,3.82433e-06,0.00539168,3.82433e-06,-0.000365118,1.86506e-07,9.05477e-05,4.68156e-08,-9.05477e-05,4.68156e-08,0.0192585,7.70677e-06,0.00183233,8.17946e-07,0.00166358,1.14012e-06,-0.000280907,1.15329e-07,-1.04913e-05,3.20854e-09,0.00115206,5.77361e-07,-0.00112635,5.80666e-07,0.00112635,5.80666e-07,0.000327785,1.91963e-07,0.000327785,1.91963e-07,-2.21972e-05,7.04687e-09,5.50481e-06,1.80215e-09,-5.50481e-06,1.80215e-09,2.9746,10000000,1
0.4,0.190288,0.000114079,0.0863818,6.85544e-05,-0.0145862,8.36258e-06,-0.00108953,5.4875e-07,0.020099,1.289e-05,-0.0196505,1.28242e-05,0.0196505,1.28242e-05,0.00571857,4.0562e-06,0.00571857,4.0562e-06,-0.000387255,1.97813e-07,9.60376e-05,4.9654e-08,-9.60376e-05,4.9654e-08,0.0192585,7.70677e-06,0.00183233,8.17946e-07,0.00166358,1.14012e-06,-0.000280907,1.15329e-07,-1.04913e-05,3.20854e-09,0.00115206,5.77361e-07,-0.00112635,5.80666e-07,0.00112635,5.80666e-07,0.000327785,1.91963e-07,0.000327785,1.91963e-07,-2.21972e-05,7.04687e-09,5.50481e-06,1.80215e-09,-5.50481e-06,1.80215e-09,2.96864,10000000,1
0.45,0.190288,0.000114079,0.0863818,6.85544e-05,-0.0145862,8.36258e-06,-0.00108953,5.4875e-07,0.0211749,1.358e-05,-0.0207023,1.35107e-05,0.0207023,1.35107e-05,0.00602468,4.27332e-06,0.00602468,4.27332e-06,-0.000407984,2.08402e-07,0.000101178,5.23119e-08,-0.000101178,5.23119e-08,0.0192585,7.70677e-06,0.00183233,8.17946e-07,0.00166358,1.14012e-06,-0.000280907,1.15329e-07,-1.04913e-05,3.20854e-09,0.00115206,5.77361e-07,-0.00112635,5.80666e-07,0.00112635,5.80666e-07,0.000327785,1.91963e-07,0.000327785,1.91963e-07,-2.21972e-05,7.04687e-09,5.50481e-06,1.80215e-09,-5.50481e-06,1.80215e-09,2.97061,10000000,1
0.5,0.190288,0.000114079,0.0863818,6.85544e-05,-0.0145862,8.36258e-06,-0.00108953,5.4875e-07,0.0222322,1.4258e-05,-0.021736,1.41853e-05,0.021736,1.41853e-05,0.0063255,4.48669e-06,0.0063255,4.48669e-06,-0.000428355,2.18808e-07,0.00010623,5.49239e-08,-0.00010623,5.49239e-08,0.0192585,7.70677e-06,0.00183233,8.17946e-07,0.00166358,1.14012e-06,-0.000280907,1.15329e-07,-1.04913e-05,3.20854e-09,0.00115206,5.77361e-07,-0.00112635,5.80666e-07,0.00112635,5.80666e-07,0.000327785,1.91963e-07,0.000327785,1.91963e-07,-2.21972e-05,7.04687e-09,5.50481e-06,1.80215e-09,-5.50481e-06,1.80215e-09,2.97373,10000000,1
0.55,0.190288,0.000114079,0.0863818,6.85544e-05,-0.0145862,8.36258e-06,-0.00108953,5.4875e-07,0.0232968,1.49408e-05,-0.0227769,1.48646e-05,0.0227769,1.48646e-05,0.0066284,4.70154e-06,0.0066284,4.70154e-06,-0.000448867,2.29286e-07,0.000111317,5.7554e-08,-0.000111317,5.7554e-08,0.0192585,7.70677e-06,0.00183233,8.17946e-07,0.00166358,1.14012e-06,-0.000280907,1.15329e-07,-1.04913e-05,3.20854e-09,0.00115206,5.77361e-07,-0.00112635,5.80666e-07,0.00112635,5.80666e-07,0.000327785,1.91963e-07,0.000327785,1.91963e-07,-2.21972e-05,7.04687e-09,5.50481e-06,1.80215e-09,-5.50481e-06,1.80215e-09,2.9587,10000000,1
0.6,0.190288,0.000114079,0.0863818,6.85544e-05,-0.0145862,8.36258e-06,-0.00108953,5.4875e-07,0.02431,1.55906e-05,-0.0237675,1.5511e-05,0.0237675,1.5511e-05,0.00691667,4.90601e-06,0.00691667,4.90601e-06,-0.000468389,2.39257e-07,0.000116158,6.0057e-08,-0.000116158,6.0057e-08,0.0192585,7.70677e-06,0.00183233,8.17946e-07,0.00166358,1.14012e-06,-0.000280907,1.15329e-07,-1.04913e-05,3.20854e-09,0.00115206,5.77361e-07,-0.00112635,5.80666e-07,0.00112635,5.80666e-07,0.000327785,1.91963e-07,0.000327785,1.91963e-07,-2.21972e-05,7.04687e-09,5.50481e-06,1.80215e-09,-5.50481e-06,1.80215e-09,2.97006,10000000,1
0.65,0.190288,0.000114079,0.0863818,6.85544e-05,-0.0145862,8.36258e-06,-0.00108953,5.4875e-07,0.0251394,1.61225e-05,-0.0245784,1.60403e-05,0.0245784,1.60403e-05,0.00715266,5.0734e-06,0.00715266,5.0734e-06,-0.000484369,2.4742e-07,0.000120121,6.21061e-08,-0.000120121,6.21061e-08,0.0192585,7.70677e-06,0.00183233,8.17946e-07,0.00166358,1.14012e-06,-0.000280907,1.15329e-07,-1.04913e-05,3.20854e-09,0.00115206,5.77361e-07,-0.00112635,5.80666e-07,0.00112635,5.80666e-07,0.000327785,1.91963e-07,0.000327785,1.91963e-07,-2.21972e-05,7.04687e-09,5.50481e-06,1.80215e-09,-5.50481e-06,1.80215e-09,2.96229,10000000,1
0.7,0.190288,0.000114079,0.0863818,6.85544e-05,-0.0145862,8.36258e-06,-0.00108953,5.4875e-07,0.0256309,1.64377e-05,-0.0250589,1.63539e-05,0.0250589,1.63539e-05,0.00729251,5.1726e-06,0.00729251,5.1726e-06,-0.00049384,2.52258e-07,0.00012247,6.33204e-08,-0.00012247,6.33204e-08,0.0192585,7.70677e-06,0.00183233,8.17946e-07,0.00166358,1.14012e-06,-0.000280907,1.15329e-07,-1.04913e-05,3.20854e-09,0.00115206,5.77361e-07,-0.00112635,5.80666e-07,0.00112635,5.80666e-07,0.000327785,1.91963e-07,0.000327785,1.91963e-07,-2.21972e-05,7.04687e-09,5.50481e-06,1.80215e-09,-5.50481e-06,1.80215e-09,2.97524,10000000,1
0.75,0.190288,0.000114079,0.0863818,6.85544e-05,-0.0145862,8.36258e-06,-0.00108953,5.4875e-07,0.0256743,1.64655e-05,-0.0251013,1.63816e-05,0.0251013,1.63816e-05,0.00730485,5.18135e-06,0.00730485,5.18135e-06,-0.000494675,2.52685e-07,0.000122677,6.34275e-08,-0.000122677,6.34275e-08,0.0192585,7.70677e-06,0.00183233,8.17946e-07,0.00166358,1.14012e-06,-0.000280907,1.15329e-07,-1.04913e-05,3.20854e-09,0.00115206,5.77361e-07,-0.00112635,5.80666e-07,0.00112635,5.80666e-07,0.000327785,1.91963e-07,0.000327785,1.91963e-07,-2.21972e-05,7.04687e-09,5.50481e-06,1.80215e-09,-5.50481e-06,1.80215e-09,2.97117,10000000,1
0.8,0.190288,0.000114079,0.0863818,6.85544e-05,-0.0145862,8.36258e-06,-0.00108953,5.4875e-07,0.0252618,1.6201e-05,-0.0246981,1.61184e-05,0.0246981,1.61184e-05,0.0071875,5.09811e-06,0.0071875,5.09811e-06,-0.000486729,2.48625e-07,0.000120707,6.24086e-08,-0.000120707,6.24086e-08,0.0192585,7.70677e-06,0.00183233,8.17946e-07,0.00166358,1.14012e-06,-0.000280907,1.15329e-07,-1.04913e-05,3.20854e-09,0.00115206,5.77361e-07,-0.00112635,5.80666e-07,0.00112635,5.80666e-07,0.000327785,1.91963e-07,0.000327785,1.91963e-07,-2.21972e-05,7.04687e-09,5.50481e-06,1.80215e-09,-5.50481e-06,1.80215e-09,2.97113,10000000,1
