z2,<dsig|1;0>,err[1],<dsig|2;0>,err[2],<ALL|0;0>,err[3],<ALL|1;0>,err[4],<dsig|0;1>,err[5],<dsig|1;-1>,err[6],<dsig|1;1>,err[7],<dsig|2;1>,err[8],<dsig|2;-1>,err[9],<ALL|0;1>,err[10],<ALL|1;-1>,err[11],<ALL|1;1>,err[12],AUzi,err[13],AUcfqzi,err[14],AUc2fqzi,err[15],ALzi,err[16],ALcfqzi,err[17],BUcf12zi,err[18],BUcfqmf12zi,err[19],BUcfqpf12zi,err[20],BUc2fqmf12zi,err[21],BUc2fqpf12zi,err[22],BLcf12zi,err[23],BLcfqmf12zi,err[24],BLcfqpf12zi,err[25],time[s],neval,fail
0.1,-0.0361424,7.10327e-05,0.0946546,4.633e-05,-0.0564314,5.1912e-05,-0.0382965,1.54022e-05,0.00212082,4.46465e-06,0.00240906,3.98512e-06,-0.00240906,3.98512e-06,0.0113155,5.41004e-06,0.0113155,5.41004e-06,-0.000329346,7.19109e-07,0.0019741,7.90018e-07,-0.0019741,7.90018e-07,1.88089e-06,5.52109e-10,-3.39899e-08,6.6053e-11,1.78035e-07,6.97322e-11,-1.06141e-07,9.25365e-11,-3.60158e-08,9.90188e-12,1.62942e-08,3.39666e-11,1.85087e-08,3.01316e-11,-1.85087e-08,3.01316e-11,8.69362e-08,3.28092e-11,8.69362e-08,3.28092e-11,-2.53035e-09,5.47473e-12,1.51669e-08,4.12558e-12,-1.51669e-08,4.12558e-12,3.08899,10000000,1
0.15,-0.0361424,7.10327e-05,0.0946546,4.633e-05,-0.0564314,5.1912e-05,-0.0382965,1.54022e-05,0.00215621,4.53914e-06,0.00244926,4.05161e-06,-0.00244926,4.05161e-06,0.0115043,5.50031e-06,0.0115043,5.50031e-06,-0.000334841,7.31108e-07,0.00200703,8.03199e-07,-0.00200703,8.03199e-07,1.88089e-06,5.52109e-10,-3.39899e-08,6.6053e-11,1.78035e-07,6.97322e-11,-1.06141e-07,9.25365e-11,-3.60158e-08,9.90188e-12,1.62942e-08,3.39666e-11,1.85087e-08,3.01316e-11,-1.85087e-08,3.01316e-11,8.69362e-08,3.28092e-11,8.69362e-08,3.28092e-11,-2.53035e-09,5.47473e-12,1.51669e-08,4.12558e-12,-1.51669e-08,4.12558e-12,3.42342,10000000,1
0.2,-0.0361424,7.10327e-05,0.0946546,4.633e-05,-0.0564314,5.1912e-05,-0.0382965,1.54022e-05,0.00225768,4.75276e-06,0.00256453,4.24229e-06,-0.00256453,4.24229e-06,0.0120457,5.75917e-06,0.0120457,5.75917e-06,-0.0003506,7.65515e-07,0.00210149,8.41e-07,-0.00210149,8.41e-07,1.88089e-06,5.52109e-10,-3.39899e-08,6.6053e-11,1.78035e-07,6.97322e-11,-1.06141e-07,9.25365e-11,-3.60158e-08,9.90188e-12,1.62942e-08,3.39666e-11,1.85087e-08,3.01316e-11,-1.85087e-08,3.01316e-11,8.69362e-08,3.28092e-11,8.69362e-08,3.28092e-11,-2.53035e-09,5.47473e-12,1.51669e-08,4.12558e-12,-1.51669e-08,4.12558e-12,3.73821,10000000,1
0.25,-0.0361424,7.10327e-05,0.0946546,4.633e-05,-0.0564314,5.1912e-05,-0.0382965,1.54022e-05,0.00241095,5.07542e-06,0.00273863,4.5303e-06,-0.00273863,4.5303e-06,0.0128634,6.15015e-06,0.0128634,6.15015e-06,-0.000374401,8.17485e-07,0.00224416,8.98094e-07,-0.00224416,8.98094e-07,1.88089e-06,5.52109e-10,-3.39899e-08,6.6053e-11,1.78035e-07,6.97322e-11,-1.06141e-07,9.25365e-11,-3.60158e-08,9.90188e-12,1.62942e-08,3.39666e-11,1.85087e-08,3.01316e-11,-1.85087e-08,3.01316e-11,8.69362e-08,3.28092e-11,8.69362e-08,3.28092e-11,-2.53035e-09,5.47473e-12,1.51669e-08,4.12558e-12,-1.51669e-08,4.12558e-12,3.1315,10000000,1
0.3,-0.0361424,7.10327e-05,0.0946546,4.633e-05,-0.0564314,5.1912e-05,-0.0382965,1.54022e-05,0.00258599,5.44389e-06,0.00293745,4.85919e-06,-0.00293745,4.85919e-06,0.0137973,6.59665e-06,0.0137973,6.59665e-06,-0.000401583,8.76834e-07,0.00240708,9.63295e-07,-0.00240708,9.63295e-07,1.88089e-06,5.52109e-10,-3.39899e-08,6.6053e-11,1.78035e-07,6.97322e-11,-1.06141e-07,9.25365e-11,-3.60158e-08,9.90188e-12,1.62942e-08,3.39666e-11,1.85087e-08,3.01316e-11,-1.85087e-08,3.01316e-11,8.69362e-08,3.28092e-11,8.69362e-08,3.28092e-11,-2.53035e-09,5.47473e-12,1.51669e-08,4.12558e-12,-1.51669e-08,4.12558e-12,3.4983,10000000,1
0.35,-0.0361424,7.10327e-05,0.0946546,4.633e-05,-0.0564314,5.1912e-05,-0.0382965,1.54022e-05,0.00276047,5.81121e-06,0.00313565,5.18706e-06,-0.00313565,5.18706e-06,0.0147283,7.04174e-06,0.0147283,7.04174e-06,-0.000428679,9.35997e-07,0.00256949,1.02829e-06,-0.00256949,1.02829e-06,1.88089e-06,5.52109e-10,-3.39899e-08,6.6053e-11,1.78035e-07,6.97322e-11,-1.06141e-07,9.25365e-11,-3.60158e-08,9.90188e-12,1.62942e-08,3.39666e-11,1.85087e-08,3.01316e-11,-1.85087e-08,3.01316e-11,8.69362e-08,3.28092e-11,8.69362e-08,3.28092e-11,-2.53035e-09,5.47473e-12,1.51669e-08,4.12558e-12,-1.51669e-08,4.12558e-12,3.27741,10000000,1
0.4,-0.0361424,7.10327e-05,0.0946546,4.633e-05,-0.0564314,5.1912e-05,-0.0382965,1.54022e-05,0.00292571,6.15905e-06,0.00332334,5.49754e-06,-0.00332334,5.49754e-06,0.0156099,7.46324e-06,0.0156099,7.46324e-06,-0.000454338,9.92023e-07,0.0027233,1.08984e-06,-0.0027233,1.08984e-06,1.88089e-06,5.52109e-10,-3.39899e-08,6.6053e-11,1.78035e-07,6.97322e-11,-1.06141e-07,9.25365e-11,-3.60158e-08,9.90188e-12,1.62942e-08,3.39666e-11,1.85087e-08,3.01316e-11,-1.85087e-08,3.01316e-11,8.69362e-08,3.28092e-11,8.69362e-08,3.28092e-11,-2.53035e-09,5.47473e-12,1.51669e-08,4.12558e-12,-1.51669e-08,4.12558e-12,3.23329,10000000,1
0.45,-0.0361424,7.10327e-05,0.0946546,4.633e-05,-0.0564314,5.1912e-05,-0.0382965,1.54022e-05,0.00308264,6.48942e-06,0.0035016,5.79242e-06,-0.0035016,5.79242e-06,0.0164472,7.86356e-06,0.0164472,7.86356e-06,-0.000478709,1.04523e-06,0.00286937,1.1483e-06,-0.00286937,1.1483e-06,1.88089e-06,5.52109e-10,-3.39899e-08,6.6053e-11,1.78035e-07,6.97322e-11,-1.06141e-07,9.25365e-11,-3.60158e-08,9.90188e-12,1.62942e-08,3.39666e-11,1.85087e-08,3.01316e-11,-1.85087e-08,3.01316e-11,8.69362e-08,3.28092e-11,8.69362e-08,3.28092e-11,-2.53035e-09,5.47473e-12,1.51669e-08,4.12558e-12,-1.51669e-08,4.12558e-12,3.49414,10000000,1
0.5,-0.0361424,7.10327e-05,0.0946546,4.633e-05,-0.0564314,5.1912e-05,-0.0382965,1.54022e-05,0.00323394,6.80793e-06,0.00367347,6.07672e-06,-0.00367347,6.07672e-06,0.0172544,8.24952e-06,0.0172544,8.24952e-06,-0.000502204,1.09654e-06,0.00301021,1.20466e-06,-0.00301021,1.20466e-06,1.88089e-06,5.52109e-10,-3.39899e-08,6.6053e-11,1.78035e-07,6.97322e-11,-1.06141e-07,9.25365e-11,-3.60158e-08,9.90188e-12,1.62942e-08,3.39666e-11,1.85087e-08,3.01316e-11,-1.85087e-08,3.01316e-11,8.69362e-08,3.28092e-11,8.69362e-08,3.28092e-11,-2.53035e-09,5.47473e-12,1.51669e-08,4.12558e-12,-1.51669e-08,4.12558e-12,3.05908,10000000,1
0.55,-0.0361424,7.10327e-05,0.0946546,4.633e-05,-0.0564314,5.1912e-05,-0.0382965,1.54022e-05,0.0033765,7.10805e-06,0.00383541,6.34461e-06,-0.00383541,6.34461e-06,0.0180151,8.6132e-06,0.0180151,8.6132e-06,-0.000524344,1.14488e-06,0.00314291,1.25777e-06,-0.00314291,1.25777e-06,1.88089e-06,5.52109e-10,-3.39899e-08,6.6053e-11,1.78035e-07,6.97322e-11,-1.06141e-07,9.25365e-11,-3.60158e-08,9.90188e-12,1.62942e-08,3.39666e-11,1.85087e-08,3.01316e-11,-1.85087e-08,3.01316e-11,8.69362e-08,3.28092e-11,8.69362e-08,3.28092e-11,-2.53035e-09,5.47473e-12,1.51669e-08,4.12558e-12,-1.51669e-08,4.12558e-12,3.1611,10000000,1
0.6,-0.0361424,7.10327e-05,0.0946546,4.633e-05,-0.0564314,5.1912e-05,-0.0382965,1.54022e-05,0.00349928,7.36652e-06,0.00397487,6.57532e-06,-0.00397487,6.57532e-06,0.0186701,8.92639e-06,0.0186701,8.92639e-06,-0.00054341,1.18651e-06,0.00325719,1.3035e-06,-0.00325719,1.3035e-06,1.88089e-06,5.52109e-10,-3.39899e-08,6.6053e-11,1.78035e-07,6.97322e-11,-1.06141e-07,9.25365e-11,-3.60158e-08,9.90188e-12,1.62942e-08,3.39666e-11,1.85087e-08,3.01316e-11,-1.85087e-08,3.01316e-11,8.69362e-08,3.28092e-11,8.69362e-08,3.28092e-11,-2.53035e-09,5.47473e-12,1.51669e-08,4.12558e-12,-1.51669e-08,4.12558e-12,2.99738,10000000,1
0.65,-0.0361424,7.10327e-05,0.0946546,4.633e-05,-0.0564314,5.1912e-05,-0.0382965,1.54022e-05,0.00358772,7.5527e-06,0.00407534,6.74151e-06,-0.00407534,6.74151e-06,0.019142,9.152e-06,0.019142,9.152e-06,-0.000557144,1.21649e-06,0.00333952,1.33645e-06,-0.00333952,1.33645e-06,1.88089e-06,5.52109e-10,-3.39899e-08,6.6053e-11,1.78035e-07,6.97322e-11,-1.06141e-07,9.25365e-11,-3.60158e-08,9.90188e-12,1.62942e-08,3.39666e-11,1.85087e-08,3.01316e-11,-1.85087e-08,3.01316e-11,8.69362e-08,3.28092e-11,8.69362e-08,3.28092e-11,-2.53035e-09,5.47473e-12,1.51669e-08,4.12558e-12,-1.51669e-08,4.12558e-12,3.29112,10000000,1
0.7,-0.0361424,7.10327e-05,0.0946546,4.633e-05,-0.0564314,5.1912e-05,-0.0382965,1.54022e-05,0.00362897,7.63953e-06,0.00412219,6.81901e-06,-0.00412219,6.81901e-06,0.0193621,9.25721e-06,0.0193621,9.25721e-06,-0.000563549,1.23048e-06,0.00337791,1.35181e-06,-0.00337791,1.35181e-06,1.88089e-06,5.52109e-10,-3.39899e-08,6.6053e-11,1.78035e-07,6.97322e-11,-1.06141e-07,9.25365e-11,-3.60158e-08,9.90188e-12,1.62942e-08,3.39666e-11,1.85087e-08,3.01316e-11,-1.85087e-08,3.01316e-11,8.69362e-08,3.28092e-11,8.69362e-08,3.28092e-11,-2.53035e-09,5.47473e-12,1.51669e-08,4.12558e-12,-1.51669e-08,4.12558e-12,2.99389,10000000,1
0.75,-0.0361424,7.10327e-05,0.0946546,4.633e-05,-0.0564314,5.1912e-05,-0.0382965,1.54022e-05,0.00361799,7.61642e-06,0.00410972,6.79838e-06,-0.00410972,6.79838e-06,0.0193035,9.22921e-06,0.0193035,9.22921e-06,-0.000561845,1.22676e-06,0.00336769,1.34772e-06,-0.00336769,1.34772e-06,1.88089e-06,5.52109e-10,-3.39899e-08,6.6053e-11,1.78035e-07,6.97322e-11,-1.06141e-07,9.25365e-11,-3.60158e-08,9.90188e-12,1.62942e-08,3.39666e-11,1.85087e-08,3.01316e-11,-1.85087e-08,3.01316e-11,8.69362e-08,3.28092e-11,8.69362e-08,3.28092e-11,-2.53035e-09,5.47473e-12,1.51669e-08,4.12558e-12,-1.51669e-08,4.12558e-12,3.01077,10000000,1
0.8,-0.0361424,7.10327e-05,0.0946546,4.633e-05,-0.0564314,5.1912e-05,-0.0382965,1.54022e-05,0.00356074,7.4959e-06,0.00404469,6.6908e-06,-0.00404469,6.6908e-06,0.018998,9.08317e-06,0.018998,9.08317e-06,-0.000552954,1.20735e-06,0.0033144,1.3264e-06,-0.0033144,1.3264e-06,1.88089e-06,5.52109e-10,-3.39899e-08,6.6053e-11,1.78035e-07,6.97322e-11,-1.06141e-07,9.25365e-11,-3.60158e-08,9.90188e-12,1.62942e-08,3.39666e-11,1.85087e-08,3.01316e-11,-1.85087e-08,3.01316e-11,8.69362e-08,3.28092e-11,8.69362e-08,3.28092e-11,-2.53035e-09,5.47473e-12,1.51669e-08,4.12558e-12,-1.51669e-08,4.12558e-12,3.2224,10000000,1
