z2,<dsig|1;0>,err[1],<dsig|2;0>,err[2],<ALL|0;0>,err[3],<ALL|1;0>,err[4],<dsig|0;1>,err[5],<dsig|1;-1>,err[6],<dsig|1;1>,err[7],<dsig|2;1>,err[8],<dsig|2;-1>,err[9],<ALL|0;1>,err[10],<ALL|1;-1>,err[11],<ALL|1;1>,err[12],AUzi,err[13],AUcfqzi,err[14],AUc2fqzi,err[15],ALzi,err[16],ALcfqzi,err[17],BUcf12zi,err[18],BUcfqmf12zi,err[19],BUcfqpf12zi,err[20],BUc2fqmf12zi,err[21],BUc2fqpf12zi,err[22],BLcf12zi,err[23],BLcfqmf12zi,err[24],BLcfqpf12zi,err[25],time[s],neval,fail
0.1,-0.0361424,7.10327e-05,0.0946546,4.633e-05,-0.0564314,5.1912e-05,-0.0382965,1.54022e-05,0.00303025,6.37914e-06,0.0034421,5.69399e-06,-0.0034421,5.69399e-06,0.0161677,7.72993e-06,0.0161677,7.72993e-06,-0.000470573,1.02747e-06,0.00282061,1.12879e-06,-0.00282061,1.12879e-06,1.88089e-06,5.52109e-10,-3.39899e-08,6.6053e-11,1.78035e-07,6.97322e-11,-1.06141e-07,9.25365e-11,-3.60158e-08,9.90188e-12,1.62942e-08,3.39666e-11,1.85087e-08,3.01316e-11,-1.85087e-08,3.01316e-11,8.69362e-08,3.28092e-11,8.69362e-08,3.28092e-11,-2.53035e-09,5.47473e-12,1.51669e-08,4.12558e-12,-1.51669e-08,4.12558e-12,3.13456,10000000,1
0.15,-0.0361424,7.10327e-05,0.0946546,4.633e-05,-0.0564314,5.1912e-05,-0.0382965,1.54022e-05,0.00309343,6.51213e-06,0.00351386,5.8127e-06,-0.00351386,5.8127e-06,0.0165047,7.89109e-06,0.0165047,7.89109e-06,-0.000480384,1.04889e-06,0.00287942,1.15232e-06,-0.00287942,1.15232e-06,1.88089e-06,5.52109e-10,-3.39899e-08,6.6053e-11,1.78035e-07,6.97322e-11,-1.06141e-07,9.25365e-11,-3.60158e-08,9.90188e-12,1.62942e-08,3.39666e-11,1.85087e-08,3.01316e-11,-1.85087e-08,3.01316e-11,8.69362e-08,3.28092e-11,8.69362e-08,3.28092e-11,-2.53035e-09,5.47473e-12,1.51669e-08,4.12558e-12,-1.51669e-08,4.12558e-12,3.5605,10000000,1
0.2,-0.0361424,7.10327e-05,0.0946546,4.633e-05,-0.0564314,5.1912e-05,-0.0382965,1.54022e-05,0.00324198,6.82486e-06,0.0036826,6.09183e-06,-0.0036826,6.09183e-06,0.0172973,8.27003e-06,0.0172973,8.27003e-06,-0.000503453,1.09926e-06,0.00301769,1.20766e-06,-0.00301769,1.20766e-06,1.88089e-06,5.52109e-10,-3.39899e-08,6.6053e-11,1.78035e-07,6.97322e-11,-1.06141e-07,9.25365e-11,-3.60158e-08,9.90188e-12,1.62942e-08,3.39666e-11,1.85087e-08,3.01316e-11,-1.85087e-08,3.01316e-11,8.69362e-08,3.28092e-11,8.69362e-08,3.28092e-11,-2.53035e-09,5.47473e-12,1.51669e-08,4.12558e-12,-1.51669e-08,4.12558e-12,3.38515,10000000,1
0.25,-0.0361424,7.10327e-05,0.0946546,4.633e-05,-0.0564314,5.1912e-05,-0.0382965,1.54022e-05,0.00345957,7.28292e-06,0.00392976,6.50069e-06,-0.00392976,6.50069e-06,0.0184582,8.82509e-06,0.0184582,8.82509e-06,-0.000537243,1.17304e-06,0.00322023,1.28871e-06,-0.00322023,1.28871e-06,1.88089e-06,5.52109e-10,-3.39899e-08,6.6053e-11,1.78035e-07,6.97322e-11,-1.06141e-07,9.25365e-11,-3.60158e-08,9.90188e-12,1.62942e-08,3.39666e-11,1.85087e-08,3.01316e-11,-1.85087e-08,3.01316e-11,8.69362e-08,3.28092e-11,8.69362e-08,3.28092e-11,-2.53035e-09,5.47473e-12,1.51669e-08,4.12558e-12,-1.51669e-08,4.12558e-12,3.76927,10000000,1
0.3,-0.0361424,7.10327e-05,0.0946546,4.633e-05,-0.0564314,5.1912e-05,-0.0382965,1.54022e-05,0.00371139,7.81303e-06,0.00421581,6.97388e-06,-0.00421581,6.97388e-06,0.0198018,9.46746e-06,0.0198018,9.46746e-06,-0.000576348,1.25843e-06,0.00345463,1.38251e-06,-0.00345463,1.38251e-06,1.88089e-06,5.52109e-10,-3.39899e-08,6.6053e-11,1.78035e-07,6.97322e-11,-1.06141e-07,9.25365e-11,-3.60158e-08,9.90188e-12,1.62942e-08,3.39666e-11,1.85087e-08,3.01316e-11,-1.85087e-08,3.01316e-11,8.69362e-08,3.28092e-11,8.69362e-08,3.28092e-11,-2.53035e-09,5.47473e-12,1.51669e-08,4.12558e-12,-1.51669e-08,4.12558e-12,3.0945,10000000,1
0.35,-0.0361424,7.10327e-05,0.0946546,4.633e-05,-0.0564314,5.1912e-05,-0.0382965,1.54022e-05,0.00397042,8.35833e-06,0.00451004,7.4606e-06,-0.00451004,7.4606e-06,0.0211838,1.01282e-05,0.0211838,1.01282e-05,-0.000616574,1.34626e-06,0.00369573,1.479e-06,-0.00369573,1.479e-06,1.88089e-06,5.52109e-10,-3.39899e-08,6.6053e-11,1.78035e-07,6.97322e-11,-1.06141e-07,9.25365e-11,-3.60158e-08,9.90188e-12,1.62942e-08,3.39666e-11,1.85087e-08,3.01316e-11,-1.85087e-08,3.01316e-11,8.69362e-08,3.28092e-11,8.69362e-08,3.28092e-11,-2.53035e-09,5.47473e-12,1.51669e-08,4.12558e-12,-1.51669e-08,4.12558e-12,3.45831,10000000,1
0.4,-0.0361424,7.10327e-05,0.0946546,4.633e-05,-0.0564314,5.1912e-05,-0.0382965,1.54022e-05,0.00422462,8.89347e-06,0.0047988,7.93827e-06,-0.0047988,7.93827e-06,0.0225401,1.07767e-05,0.0225401,1.07767e-05,-0.00065605,1.43245e-06,0.00393235,1.5737e-06,-0.00393235,1.5737e-06,1.88089e-06,5.52109e-10,-3.39899e-08,6.6053e-11,1.78035e-07,6.97322e-11,-1.06141e-07,9.25365e-11,-3.60158e-08,9.90188e-12,1.62942e-08,3.39666e-11,1.85087e-08,3.01316e-11,-1.85087e-08,3.01316e-11,8.69362e-08,3.28092e-11,8.69362e-08,3.28092e-11,-2.53035e-09,5.47473e-12,1.51669e-08,4.12558e-12,-1.51669e-08,4.12558e-12,3.84508,10000000,1
0.45,-0.0361424,7.10327e-05,0.0946546,4.633e-05,-0.0564314,5.1912e-05,-0.0382965,1.54022e-05,0.00447398,9.41841e-06,0.00508205,8.40683e-06,-0.00508205,8.40683e-06,0.0238706,1.14128e-05,0.0238706,1.14128e-05,-0.000694773,1.517e-06,0.00416446,1.66659e-06,-0.00416446,1.66659e-06,1.88089e-06,5.52109e-10,-3.39899e-08,6.6053e-11,1.78035e-07,6.97322e-11,-1.06141e-07,9.25365e-11,-3.60158e-08,9.90188e-12,1.62942e-08,3.39666e-11,1.85087e-08,3.01316e-11,-1.85087e-08,3.01316e-11,8.69362e-08,3.28092e-11,8.69362e-08,3.28092e-11,-2.53035e-09,5.47473e-12,1.51669e-08,4.12558e-12,-1.51669e-08,4.12558e-12,3.25338,10000000,1
0.5,-0.0361424,7.10327e-05,0.0946546,4.633e-05,-0.0564314,5.1912e-05,-0.0382965,1.54022e-05,0.0047225,9.94158e-06,0.00536434,8.87381e-06,-0.00536434,8.87381e-06,0.0251965,1.20467e-05,0.0251965,1.20467e-05,-0.000733366,1.60127e-06,0.00439579,1.75916e-06,-0.00439579,1.75916e-06,1.88089e-06,5.52109e-10,-3.39899e-08,6.6053e-11,1.78035e-07,6.97322e-11,-1.06141e-07,9.25365e-11,-3.60158e-08,9.90188e-12,1.62942e-08,3.39666e-11,1.85087e-08,3.01316e-11,-1.85087e-08,3.01316e-11,8.69362e-08,3.28092e-11,8.69362e-08,3.28092e-11,-2.53035e-09,5.47473e-12,1.51669e-08,4.12558e-12,-1.51669e-08,4.12558e-12,2.97484,10000000,1
0.55,-0.0361424,7.10327e-05,0.0946546,4.633e-05,-0.0564314,5.1912e-05,-0.0382965,1.54022e-05,0.00496814,1.04587e-05,0.00564337,9.33538e-06,-0.00564337,9.33538e-06,0.0265071,1.26733e-05,0.0265071,1.26733e-05,-0.000771512,1.68456e-06,0.00462444,1.85066e-06,-0.00462444,1.85066e-06,1.88089e-06,5.52109e-10,-3.39899e-08,6.6053e-11,1.78035e-07,6.97322e-11,-1.06141e-07,9.25365e-11,-3.60158e-08,9.90188e-12,1.62942e-08,3.39666e-11,1.85087e-08,3.01316e-11,-1.85087e-08,3.01316e-11,8.69362e-08,3.28092e-11,8.69362e-08,3.28092e-11,-2.53035e-09,5.47473e-12,1.51669e-08,4.12558e-12,-1.51669e-08,4.12558e-12,2.96972,10000000,1
0.6,-0.0361424,7.10327e-05,0.0946546,4.633e-05,-0.0564314,5.1912e-05,-0.0382965,1.54022e-05,0.00519881,1.09443e-05,0.00590539,9.76882e-06,-0.00590539,9.76882e-06,0.0277378,1.32618e-05,0.0277378,1.32618e-05,-0.000807333,1.76277e-06,0.00483915,1.93659e-06,-0.00483915,1.93659e-06,1.88089e-06,5.52109e-10,-3.39899e-08,6.6053e-11,1.78035e-07,6.97322e-11,-1.06141e-07,9.25365e-11,-3.60158e-08,9.90188e-12,1.62942e-08,3.39666e-11,1.85087e-08,3.01316e-11,-1.85087e-08,3.01316e-11,8.69362e-08,3.28092e-11,8.69362e-08,3.28092e-11,-2.53035e-09,5.47473e-12,1.51669e-08,4.12558e-12,-1.51669e-08,4.12558e-12,3.1235,10000000,1
0.65,-0.0361424,7.10327e-05,0.0946546,4.633e-05,-0.0564314,5.1912e-05,-0.0382965,1.54022e-05,0.00539455,1.13563e-05,0.00612773,1.01366e-05,-0.00612773,1.01366e-05,0.0287822,1.37611e-05,0.0287822,1.37611e-05,-0.000837729,1.82914e-06,0.00502134,2.0095e-06,-0.00502134,2.0095e-06,1.88089e-06,5.52109e-10,-3.39899e-08,6.6053e-11,1.78035e-07,6.97322e-11,-1.06141e-07,9.25365e-11,-3.60158e-08,9.90188e-12,1.62942e-08,3.39666e-11,1.85087e-08,3.01316e-11,-1.85087e-08,3.01316e-11,8.69362e-08,3.28092e-11,8.69362e-08,3.28092e-11,-2.53035e-09,5.47473e-12,1.51669e-08,4.12558e-12,-1.51669e-08,4.12558e-12,3.01858,10000000,1
0.7,-0.0361424,7.10327e-05,0.0946546,4.633e-05,-0.0564314,5.1912e-05,-0.0382965,1.54022e-05,0.00553296,1.16477e-05,0.00628496,1.03967e-05,-0.00628496,1.03967e-05,0.0295207,1.41142e-05,0.0295207,1.41142e-05,-0.000859225,1.87607e-06,0.00515018,2.06106e-06,-0.00515018,2.06106e-06,1.88089e-06,5.52109e-10,-3.39899e-08,6.6053e-11,1.78035e-07,6.97322e-11,-1.06141e-07,9.25365e-11,-3.60158e-08,9.90188e-12,1.62942e-08,3.39666e-11,1.85087e-08,3.01316e-11,-1.85087e-08,3.01316e-11,8.69362e-08,3.28092e-11,8.69362e-08,3.28092e-11,-2.53035e-09,5.47473e-12,1.51669e-08,4.12558e-12,-1.51669e-08,4.12558e-12,3.30825,10000000,1
0.75,-0.0361424,7.10327e-05,0.0946546,4.633e-05,-0.0564314,5.1912e-05,-0.0382965,1.54022e-05,0.00559537,1.17791e-05,0.00635585,1.0514e-05,-0.00635585,1.0514e-05,0.0298536,1.42733e-05,0.0298536,1.42733e-05,-0.000868916,1.89723e-06,0.00520827,2.08431e-06,-0.00520827,2.08431e-06,1.88089e-06,5.52109e-10,-3.39899e-08,6.6053e-11,1.78035e-07,6.97322e-11,-1.06141e-07,9.25365e-11,-3.60158e-08,9.90188e-12,1.62942e-08,3.39666e-11,1.85087e-08,3.01316e-11,-1.85087e-08,3.01316e-11,8.69362e-08,3.28092e-11,8.69362e-08,3.28092e-11,-2.53035e-09,5.47473e-12,1.51669e-08,4.12558e-12,-1.51669e-08,4.12558e-12,2.97853,10000000,1
0.8,-0.0361424,7.10327e-05,0.0946546,4.633e-05,-0.0564314,5.1912e-05,-0.0382965,1.54022e-05,0.00557454,1.17352e-05,0.00633218,1.04748e-05,-0.00633218,1.04748e-05,0.0297425,1.42202e-05,0.0297425,1.42202e-05,-0.00086568,1.89017e-06,0.00518888,2.07655e-06,-0.00518888,2.07655e-06,1.88089e-06,5.52109e-10,-3.39899e-08,6.6053e-11,1.78035e-07,6.97322e-11,-1.06141e-07,9.25365e-11,-3.60158e-08,9.90188e-12,1.62942e-08,3.39666e-11,1.85087e-08,3.01316e-11,-1.85087e-08,3.01316e-11,8.69362e-08,3.28092e-11,8.69362e-08,3.28092e-11,-2.53035e-09,5.47473e-12,1.51669e-08,4.12558e-12,-1.51669e-08,4.12558e-12,2.9505,10000000,1
