z2,<dsig|1;0>,err[1],<dsig|2;0>,err[2],<ALL|0;0>,err[3],<ALL|1;0>,err[4],<dsig|0;1>,err[5],<dsig|1;-1>,err[6],<dsig|1;1>,err[7],<dsig|2;1>,err[8],<dsig|2;-1>,err[9],<ALL|0;1>,err[10],<ALL|1;-1>,err[11],<ALL|1;1>,err[12],AUzi,err[13],AUcfqzi,err[14],AUc2fqzi,err[15],ALzi,err[16],ALcfqzi,err[17],BUcf12zi,err[18],BUcfqmf12zi,err[19],BUcfqpf12zi,err[20],BUc2fqmf12zi,err[21],BUc2fqpf12zi,err[22],BLcf12zi,err[23],BLcfqmf12zi,err[24],BLcfqpf12zi,err[25],time[s],neval,fail
0.1,-0.0627733,6.8963e-05,0.075912,3.7277e-05,-0.0112655,7.034e-05,-0.0629697,2.50585e-05,0.00227843,2.80562e-06,0.00208659,2.20701e-06,-0.00208659,2.20701e-06,0.0060665,2.89619e-06,0.0060665,2.89619e-06,0.00029398,6.89948e-07,0.00189557,7.54073e-07,-0.00189557,7.54073e-07,2.80422e-07,8.43411e-11,-8.80151e-09,9.29996e-12,2.12874e-08,8.26312e-12,-3.15909e-09,1.9702e-11,-8.82905e-09,2.30066e-12,4.40815e-09,5.26372e-12,4.037e-09,4.0937e-12,-4.037e-09,4.0937e-12,1.1737e-08,4.35156e-12,1.1737e-08,4.35156e-12,5.68772e-10,1.32386e-12,3.66743e-09,9.54881e-13,-3.66743e-09,9.54881e-13,3.53069,10000000,1
0.15,-0.0627733,6.8963e-05,0.075912,3.7277e-05,-0.0112655,7.034e-05,-0.0629697,2.50585e-05,0.00234531,2.88798e-06,0.00214784,2.2718e-06,-0.00214784,2.2718e-06,0.00624458,2.98121e-06,0.00624458,2.98121e-06,0.000302609,7.10201e-07,0.00195122,7.76209e-07,-0.00195122,7.76209e-07,2.80422e-07,8.43411e-11,-8.80151e-09,9.29996e-12,2.12874e-08,8.26312e-12,-3.15909e-09,1.9702e-11,-8.82905e-09,2.30066e-12,4.40815e-09,5.26372e-12,4.037e-09,4.0937e-12,-4.037e-09,4.0937e-12,1.1737e-08,4.35156e-12,1.1737e-08,4.35156e-12,5.68772e-10,1.32386e-12,3.66743e-09,9.54881e-13,-3.66743e-09,9.54881e-13,3.56863,10000000,1
0.2,-0.0627733,6.8963e-05,0.075912,3.7277e-05,-0.0112655,7.034e-05,-0.0629697,2.50585e-05,0.00244633,3.01237e-06,0.00224036,2.36965e-06,-0.00224036,2.36965e-06,0.00651355,3.10962e-06,0.00651355,3.10962e-06,0.000315644,7.40792e-07,0.00203526,8.09643e-07,-0.00203526,8.09643e-07,2.80422e-07,8.43411e-11,-8.80151e-09,9.29996e-12,2.12874e-08,8.26312e-12,-3.15909e-09,1.9702e-11,-8.82905e-09,2.30066e-12,4.40815e-09,5.26372e-12,4.037e-09,4.0937e-12,-4.037e-09,4.0937e-12,1.1737e-08,4.35156e-12,1.1737e-08,4.35156e-12,5.68772e-10,1.32386e-12,3.66743e-09,9.54881e-13,-3.66743e-09,9.54881e-13,3.71755,10000000,1
0.25,-0.0627733,6.8963e-05,0.075912,3.7277e-05,-0.0112655,7.034e-05,-0.0629697,2.50585e-05,0.00256481,3.15826e-06,0.00234886,2.48441e-06,-0.00234886,2.48441e-06,0.006829,3.26022e-06,0.006829,3.26022e-06,0.00033093,7.76668e-07,0.00213383,8.48854e-07,-0.00213383,8.48854e-07,2.80422e-07,8.43411e-11,-8.80151e-09,9.29996e-12,2.12874e-08,8.26312e-12,-3.15909e-09,1.9702e-11,-8.82905e-09,2.30066e-12,4.40815e-09,5.26372e-12,4.037e-09,4.0937e-12,-4.037e-09,4.0937e-12,1.1737e-08,4.35156e-12,1.1737e-08,4.35156e-12,5.68772e-10,1.32386e-12,3.66743e-09,9.54881e-13,-3.66743e-09,9.54881e-13,3.63911,10000000,1
0.3,-0.0627733,6.8963e-05,0.075912,3.7277e-05,-0.0112655,7.034e-05,-0.0629697,2.50585e-05,0.00268305,3.30387e-06,0.00245715,2.59895e-06,-0.00245715,2.59895e-06,0.00714385,3.41052e-06,0.00714385,3.41052e-06,0.000346187,8.12475e-07,0.00223221,8.87989e-07,-0.00223221,8.87989e-07,2.80422e-07,8.43411e-11,-8.80151e-09,9.29996e-12,2.12874e-08,8.26312e-12,-3.15909e-09,1.9702e-11,-8.82905e-09,2.30066e-12,4.40815e-09,5.26372e-12,4.037e-09,4.0937e-12,-4.037e-09,4.0937e-12,1.1737e-08,4.35156e-12,1.1737e-08,4.35156e-12,5.68772e-10,1.32386e-12,3.66743e-09,9.54881e-13,-3.66743e-09,9.54881e-13,3.19025,10000000,1
0.35,-0.0627733,6.8963e-05,0.075912,3.7277e-05,-0.0112655,7.034e-05,-0.0629697,2.50585e-05,0.00279395,3.44043e-06,0.00255871,2.70637e-06,-0.00255871,2.70637e-06,0.00743912,3.55149e-06,0.00743912,3.55149e-06,0.000360496,8.46057e-07,0.00232447,9.24692e-07,-0.00232447,9.24692e-07,2.80422e-07,8.43411e-11,-8.80151e-09,9.29996e-12,2.12874e-08,8.26312e-12,-3.15909e-09,1.9702e-11,-8.82905e-09,2.30066e-12,4.40815e-09,5.26372e-12,4.037e-09,4.0937e-12,-4.037e-09,4.0937e-12,1.1737e-08,4.35156e-12,1.1737e-08,4.35156e-12,5.68772e-10,1.32386e-12,3.66743e-09,9.54881e-13,-3.66743e-09,9.54881e-13,3.22959,10000000,1
0.4,-0.0627733,6.8963e-05,0.075912,3.7277e-05,-0.0112655,7.034e-05,-0.0629697,2.50585e-05,0.00289858,3.56926e-06,0.00265453,2.80772e-06,-0.00265453,2.80772e-06,0.00771769,3.68448e-06,0.00771769,3.68448e-06,0.000373996,8.77739e-07,0.00241151,9.59319e-07,-0.00241151,9.59319e-07,2.80422e-07,8.43411e-11,-8.80151e-09,9.29996e-12,2.12874e-08,8.26312e-12,-3.15909e-09,1.9702e-11,-8.82905e-09,2.30066e-12,4.40815e-09,5.26372e-12,4.037e-09,4.0937e-12,-4.037e-09,4.0937e-12,1.1737e-08,4.35156e-12,1.1737e-08,4.35156e-12,5.68772e-10,1.32386e-12,3.66743e-09,9.54881e-13,-3.66743e-09,9.54881e-13,3.08618,10000000,1
0.45,-0.0627733,6.8963e-05,0.075912,3.7277e-05,-0.0112655,7.034e-05,-0.0629697,2.50585e-05,0.00299759,3.69118e-06,0.0027452,2.90363e-06,-0.0027452,2.90363e-06,0.00798132,3.81034e-06,0.00798132,3.81034e-06,0.000386771,9.07722e-07,0.00249389,9.92088e-07,-0.00249389,9.92088e-07,2.80422e-07,8.43411e-11,-8.80151e-09,9.29996e-12,2.12874e-08,8.26312e-12,-3.15909e-09,1.9702e-11,-8.82905e-09,2.30066e-12,4.40815e-09,5.26372e-12,4.037e-09,4.0937e-12,-4.037e-09,4.0937e-12,1.1737e-08,4.35156e-12,1.1737e-08,4.35156e-12,5.68772e-10,1.32386e-12,3.66743e-09,9.54881e-13,-3.66743e-09,9.54881e-13,3.19867,10000000,1
0.5,-0.0627733,6.8963e-05,0.075912,3.7277e-05,-0.0112655,7.034e-05,-0.0629697,2.50585e-05,0.00308478,3.79855e-06,0.00282505,2.98808e-06,-0.00282505,2.98808e-06,0.00821347,3.92117e-06,0.00821347,3.92117e-06,0.000398021,9.34124e-07,0.00256643,1.02094e-06,-0.00256643,1.02094e-06,2.80422e-07,8.43411e-11,-8.80151e-09,9.29996e-12,2.12874e-08,8.26312e-12,-3.15909e-09,1.9702e-11,-8.82905e-09,2.30066e-12,4.40815e-09,5.26372e-12,4.037e-09,4.0937e-12,-4.037e-09,4.0937e-12,1.1737e-08,4.35156e-12,1.1737e-08,4.35156e-12,5.68772e-10,1.32386e-12,3.66743e-09,9.54881e-13,-3.66743e-09,9.54881e-13,3.0659,10000000,1
0.55,-0.0627733,6.8963e-05,0.075912,3.7277e-05,-0.0112655,7.034e-05,-0.0629697,2.50585e-05,0.00314565,3.8735e-06,0.0028808,3.04705e-06,-0.0028808,3.04705e-06,0.00837554,3.99855e-06,0.00837554,3.99855e-06,0.000405875,9.52557e-07,0.00261707,1.04109e-06,-0.00261707,1.04109e-06,2.80422e-07,8.43411e-11,-8.80151e-09,9.29996e-12,2.12874e-08,8.26312e-12,-3.15909e-09,1.9702e-11,-8.82905e-09,2.30066e-12,4.40815e-09,5.26372e-12,4.037e-09,4.0937e-12,-4.037e-09,4.0937e-12,1.1737e-08,4.35156e-12,1.1737e-08,4.35156e-12,5.68772e-10,1.32386e-12,3.66743e-09,9.54881e-13,-3.66743e-09,9.54881e-13,3.2312,10000000,1
0.6,-0.0627733,6.8963e-05,0.075912,3.7277e-05,-0.0112655,7.034e-05,-0.0629697,2.50585e-05,0.00316244,3.89418e-06,0.00289617,3.06331e-06,-0.00289617,3.06331e-06,0.00842025,4.01989e-06,0.00842025,4.01989e-06,0.000408041,9.57642e-07,0.00263104,1.04665e-06,-0.00263104,1.04665e-06,2.80422e-07,8.43411e-11,-8.80151e-09,9.29996e-12,2.12874e-08,8.26312e-12,-3.15909e-09,1.9702e-11,-8.82905e-09,2.30066e-12,4.40815e-09,5.26372e-12,4.037e-09,4.0937e-12,-4.037e-09,4.0937e-12,1.1737e-08,4.35156e-12,1.1737e-08,4.35156e-12,5.68772e-10,1.32386e-12,3.66743e-09,9.54881e-13,-3.66743e-09,9.54881e-13,3.17554,10000000,1
0.65,-0.0627733,6.8963e-05,0.075912,3.7277e-05,-0.0112655,7.034e-05,-0.0629697,2.50585e-05,0.00312638,3.84978e-06,0.00286315,3.02838e-06,-0.00286315,3.02838e-06,0.00832424,3.97405e-06,0.00832424,3.97405e-06,0.000403389,9.46723e-07,0.00260104,1.03471e-06,-0.00260104,1.03471e-06,2.80422e-07,8.43411e-11,-8.80151e-09,9.29996e-12,2.12874e-08,8.26312e-12,-3.15909e-09,1.9702e-11,-8.82905e-09,2.30066e-12,4.40815e-09,5.26372e-12,4.037e-09,4.0937e-12,-4.037e-09,4.0937e-12,1.1737e-08,4.35156e-12,1.1737e-08,4.35156e-12,5.68772e-10,1.32386e-12,3.66743e-09,9.54881e-13,-3.66743e-09,9.54881e-13,3.02867,10000000,1
0.7,-0.0627733,6.8963e-05,0.075912,3.7277e-05,-0.0112655,7.034e-05,-0.0629697,2.50585e-05,0.00303417,3.73622e-06,0.0027787,2.93906e-06,-0.0027787,2.93906e-06,0.00807871,3.85683e-06,0.00807871,3.85683e-06,0.00039149,9.18798e-07,0.00252432,1.00419e-06,-0.00252432,1.00419e-06,2.80422e-07,8.43411e-11,-8.80151e-09,9.29996e-12,2.12874e-08,8.26312e-12,-3.15909e-09,1.9702e-11,-8.82905e-09,2.30066e-12,4.40815e-09,5.26372e-12,4.037e-09,4.0937e-12,-4.037e-09,4.0937e-12,1.1737e-08,4.35156e-12,1.1737e-08,4.35156e-12,5.68772e-10,1.32386e-12,3.66743e-09,9.54881e-13,-3.66743e-09,9.54881e-13,3.03112,10000000,1
0.75,-0.0627733,6.8963e-05,0.075912,3.7277e-05,-0.0112655,7.034e-05,-0.0629697,2.50585e-05,0.00289684,3.56712e-06,0.00265293,2.80603e-06,-0.00265293,2.80603e-06,0.00771306,3.68227e-06,0.00771306,3.68227e-06,0.000373771,8.77212e-07,0.00241007,9.58743e-07,-0.00241007,9.58743e-07,2.80422e-07,8.43411e-11,-8.80151e-09,9.29996e-12,2.12874e-08,8.26312e-12,-3.15909e-09,1.9702e-11,-8.82905e-09,2.30066e-12,4.40815e-09,5.26372e-12,4.037e-09,4.0937e-12,-4.037e-09,4.0937e-12,1.1737e-08,4.35156e-12,1.1737e-08,4.35156e-12,5.68772e-10,1.32386e-12,3.66743e-09,9.54881e-13,-3.66743e-09,9.54881e-13,3.06056,10000000,1
0.8,-0.0627733,6.8963e-05,0.075912,3.7277e-05,-0.0112655,7.034e-05,-0.0629697,2.50585e-05,0.00273283,3.36516e-06,0.00250273,2.64717e-06,-0.00250273,2.64717e-06,0.00727638,3.4738e-06,0.00727638,3.4738e-06,0.00035261,8.27548e-07,0.00227362,9.04463e-07,-0.00227362,9.04463e-07,2.80422e-07,8.43411e-11,-8.80151e-09,9.29996e-12,2.12874e-08,8.26312e-12,-3.15909e-09,1.9702e-11,-8.82905e-09,2.30066e-12,4.40815e-09,5.26372e-12,4.037e-09,4.0937e-12,-4.037e-09,4.0937e-12,1.1737e-08,4.35156e-12,1.1737e-08,4.35156e-12,5.68772e-10,1.32386e-12,3.66743e-09,9.54881e-13,-3.66743e-09,9.54881e-13,3.06776,10000000,1
