z2,<dsig|1;0>,err[1],<dsig|2;0>,err[2],<ALL|0;0>,err[3],<ALL|1;0>,err[4],<dsig|0;1>,err[5],<dsig|1;-1>,err[6],<dsig|1;1>,err[7],<dsig|2;1>,err[8],<dsig|2;-1>,err[9],<ALL|0;1>,err[10],<ALL|1;-1>,err[11],<ALL|1;1>,err[12],AUzi,err[13],AUcfqzi,err[14],AUc2fqzi,err[15],ALzi,err[16],ALcfqzi,err[17],BUcf12zi,err[18],BUcfqmf12zi,err[19],BUcfqpf12zi,err[20],BUc2fqmf12zi,err[21],BUc2fqpf12zi,err[22],BLcf12zi,err[23],BLcfqmf12zi,err[24],BLcfqpf12zi,err[25],time[s],neval,fail
0.1,-0.0361424,7.10327e-05,0.0946546,4.633e-05,-0.0564314,5.1912e-05,-0.0382965,1.54022e-05,0.00102012,2.1475e-06,0.00115876,1.91685e-06,-0.00115876,1.91685e-06,0.00544276,2.60224e-06,0.00544276,2.60224e-06,-0.000158416,3.45893e-07,0.000949544,3.8e-07,-0.000949544,3.8e-07,1.88089e-06,5.52109e-10,-3.39899e-08,6.6053e-11,1.78035e-07,6.97322e-11,-1.06141e-07,9.25365e-11,-3.60158e-08,9.90188e-12,1.62942e-08,3.39666e-11,1.85087e-08,3.01316e-11,-1.85087e-08,3.01316e-11,8.69362e-08,3.28092e-11,8.69362e-08,3.28092e-11,-2.53035e-09,5.47473e-12,1.51669e-08,4.12558e-12,-1.51669e-08,4.12558e-12,3.08899,10000000,1
0.15,-0.0361424,7.10327e-05,0.0946546,4.633e-05,-0.0564314,5.1912e-05,-0.0382965,1.54022e-05,0.00104175,2.19304e-06,0.00118333,1.95749e-06,-0.00118333,1.95749e-06,0.00555816,2.65742e-06,0.00555816,2.65742e-06,-0.000161775,3.53227e-07,0.000969677,3.88057e-07,-0.000969677,3.88057e-07,1.88089e-06,5.52109e-10,-3.39899e-08,6.6053e-11,1.78035e-07,6.97322e-11,-1.06141e-07,9.25365e-11,-3.60158e-08,9.90188e-12,1.62942e-08,3.39666e-11,1.85087e-08,3.01316e-11,-1.85087e-08,3.01316e-11,8.69362e-08,3.28092e-11,8.69362e-08,3.28092e-11,-2.53035e-09,5.47473e-12,1.51669e-08,4.12558e-12,-1.51669e-08,4.12558e-12,3.42342,10000000,1
0.2,-0.0361424,7.10327e-05,0.0946546,4.633e-05,-0.0564314,5.1912e-05,-0.0382965,1.54022e-05,0.00108833,2.2911e-06,0.00123625,2.04503e-06,-0.00123625,2.04503e-06,0.00580671,2.77625e-06,0.00580671,2.77625e-06,-0.000169009,3.69022e-07,0.00101304,4.0541e-07,-0.00101304,4.0541e-07,1.88089e-06,5.52109e-10,-3.39899e-08,6.6053e-11,1.78035e-07,6.97322e-11,-1.06141e-07,9.25365e-11,-3.60158e-08,9.90188e-12,1.62942e-08,3.39666e-11,1.85087e-08,3.01316e-11,-1.85087e-08,3.01316e-11,8.69362e-08,3.28092e-11,8.69362e-08,3.28092e-11,-2.53035e-09,5.47473e-12,1.51669e-08,4.12558e-12,-1.51669e-08,4.12558e-12,3.73821,10000000,1
0.25,-0.0361424,7.10327e-05,0.0946546,4.633e-05,-0.0564314,5.1912e-05,-0.0382965,1.54022e-05,0.00115237,2.42591e-06,0.00130899,2.16535e-06,-0.00130899,2.16535e-06,0.00614836,2.9396e-06,0.00614836,2.9396e-06,-0.000178953,3.90735e-07,0.00107264,4.29263e-07,-0.00107264,4.29263e-07,1.88089e-06,5.52109e-10,-3.39899e-08,6.6053e-11,1.78035e-07,6.97322e-11,-1.06141e-07,9.25365e-11,-3.60158e-08,9.90188e-12,1.62942e-08,3.39666e-11,1.85087e-08,3.01316e-11,-1.85087e-08,3.01316e-11,8.69362e-08,3.28092e-11,8.69362e-08,3.28092e-11,-2.53035e-09,5.47473e-12,1.51669e-08,4.12558e-12,-1.51669e-08,4.12558e-12,3.1315,10000000,1
0.3,-0.0361424,7.10327e-05,0.0946546,4.633e-05,-0.0564314,5.1912e-05,-0.0382965,1.54022e-05,0.00122168,2.57182e-06,0.00138772,2.29559e-06,-0.00138772,2.29559e-06,0.00651816,3.1164e-06,0.00651816,3.1164e-06,-0.000189717,4.14236e-07,0.00113716,4.55082e-07,-0.00113716,4.55082e-07,1.88089e-06,5.52109e-10,-3.39899e-08,6.6053e-11,1.78035e-07,6.97322e-11,-1.06141e-07,9.25365e-11,-3.60158e-08,9.90188e-12,1.62942e-08,3.39666e-11,1.85087e-08,3.01316e-11,-1.85087e-08,3.01316e-11,8.69362e-08,3.28092e-11,8.69362e-08,3.28092e-11,-2.53035e-09,5.47473e-12,1.51669e-08,4.12558e-12,-1.51669e-08,4.12558e-12,3.4983,10000000,1
0.35,-0.0361424,7.10327e-05,0.0946546,4.633e-05,-0.0564314,5.1912e-05,-0.0382965,1.54022e-05,0.00128867,2.71284e-06,0.00146381,2.42147e-06,-0.00146381,2.42147e-06,0.00687557,3.28729e-06,0.00687557,3.28729e-06,-0.000200119,4.3695e-07,0.00119951,4.80036e-07,-0.00119951,4.80036e-07,1.88089e-06,5.52109e-10,-3.39899e-08,6.6053e-11,1.78035e-07,6.97322e-11,-1.06141e-07,9.25365e-11,-3.60158e-08,9.90188e-12,1.62942e-08,3.39666e-11,1.85087e-08,3.01316e-11,-1.85087e-08,3.01316e-11,8.69362e-08,3.28092e-11,8.69362e-08,3.28092e-11,-2.53035e-09,5.47473e-12,1.51669e-08,4.12558e-12,-1.51669e-08,4.12558e-12,3.27741,10000000,1
0.4,-0.0361424,7.10327e-05,0.0946546,4.633e-05,-0.0564314,5.1912e-05,-0.0382965,1.54022e-05,0.00135138,2.84486e-06,0.00153505,2.53931e-06,-0.00153505,2.53931e-06,0.00721017,3.44726e-06,0.00721017,3.44726e-06,-0.000209858,4.58214e-07,0.00125789,5.03397e-07,-0.00125789,5.03397e-07,1.88089e-06,5.52109e-10,-3.39899e-08,6.6053e-11,1.78035e-07,6.97322e-11,-1.06141e-07,9.25365e-11,-3.60158e-08,9.90188e-12,1.62942e-08,3.39666e-11,1.85087e-08,3.01316e-11,-1.85087e-08,3.01316e-11,8.69362e-08,3.28092e-11,8.69362e-08,3.28092e-11,-2.53035e-09,5.47473e-12,1.51669e-08,4.12558e-12,-1.51669e-08,4.12558e-12,3.23329,10000000,1
0.45,-0.0361424,7.10327e-05,0.0946546,4.633e-05,-0.0564314,5.1912e-05,-0.0382965,1.54022e-05,0.00141049,2.9693e-06,0.00160219,2.65038e-06,-0.00160219,2.65038e-06,0.00752556,3.59805e-06,0.00752556,3.59805e-06,-0.000219038,4.78257e-07,0.00131291,5.25416e-07,-0.00131291,5.25416e-07,1.88089e-06,5.52109e-10,-3.39899e-08,6.6053e-11,1.78035e-07,6.97322e-11,-1.06141e-07,9.25365e-11,-3.60158e-08,9.90188e-12,1.62942e-08,3.39666e-11,1.85087e-08,3.01316e-11,-1.85087e-08,3.01316e-11,8.69362e-08,3.28092e-11,8.69362e-08,3.28092e-11,-2.53035e-09,5.47473e-12,1.51669e-08,4.12558e-12,-1.51669e-08,4.12558e-12,3.49414,10000000,1
0.5,-0.0361424,7.10327e-05,0.0946546,4.633e-05,-0.0564314,5.1912e-05,-0.0382965,1.54022e-05,0.00146534,3.08476e-06,0.0016645,2.75344e-06,-0.0016645,2.75344e-06,0.0078182,3.73797e-06,0.0078182,3.73797e-06,-0.000227555,4.96855e-07,0.00136396,5.45848e-07,-0.00136396,5.45848e-07,1.88089e-06,5.52109e-10,-3.39899e-08,6.6053e-11,1.78035e-07,6.97322e-11,-1.06141e-07,9.25365e-11,-3.60158e-08,9.90188e-12,1.62942e-08,3.39666e-11,1.85087e-08,3.01316e-11,-1.85087e-08,3.01316e-11,8.69362e-08,3.28092e-11,8.69362e-08,3.28092e-11,-2.53035e-09,5.47473e-12,1.51669e-08,4.12558e-12,-1.51669e-08,4.12558e-12,3.05908,10000000,1
0.55,-0.0361424,7.10327e-05,0.0946546,4.633e-05,-0.0564314,5.1912e-05,-0.0382965,1.54022e-05,0.00151204,3.18307e-06,0.00171754,2.84119e-06,-0.00171754,2.84119e-06,0.00806736,3.85709e-06,0.00806736,3.85709e-06,-0.000234807,5.12689e-07,0.00140743,5.63243e-07,-0.00140743,5.63243e-07,1.88089e-06,5.52109e-10,-3.39899e-08,6.6053e-11,1.78035e-07,6.97322e-11,-1.06141e-07,9.25365e-11,-3.60158e-08,9.90188e-12,1.62942e-08,3.39666e-11,1.85087e-08,3.01316e-11,-1.85087e-08,3.01316e-11,8.69362e-08,3.28092e-11,8.69362e-08,3.28092e-11,-2.53035e-09,5.47473e-12,1.51669e-08,4.12558e-12,-1.51669e-08,4.12558e-12,3.1611,10000000,1
0.6,-0.0361424,7.10327e-05,0.0946546,4.633e-05,-0.0564314,5.1912e-05,-0.0382965,1.54022e-05,0.00154382,3.24998e-06,0.00175365,2.90092e-06,-0.00175365,2.90092e-06,0.00823695,3.93817e-06,0.00823695,3.93817e-06,-0.000239743,5.23467e-07,0.00143702,5.75084e-07,-0.00143702,5.75084e-07,1.88089e-06,5.52109e-10,-3.39899e-08,6.6053e-11,1.78035e-07,6.97322e-11,-1.06141e-07,9.25365e-11,-3.60158e-08,9.90188e-12,1.62942e-08,3.39666e-11,1.85087e-08,3.01316e-11,-1.85087e-08,3.01316e-11,8.69362e-08,3.28092e-11,8.69362e-08,3.28092e-11,-2.53035e-09,5.47473e-12,1.51669e-08,4.12558e-12,-1.51669e-08,4.12558e-12,2.99738,10000000,1
0.65,-0.0361424,7.10327e-05,0.0946546,4.633e-05,-0.0564314,5.1912e-05,-0.0382965,1.54022e-05,0.00155497,3.27346e-06,0.00176631,2.92187e-06,-0.00176631,2.92187e-06,0.00829644,3.96662e-06,0.00829644,3.96662e-06,-0.000241475,5.27247e-07,0.0014474,5.79237e-07,-0.0014474,5.79237e-07,1.88089e-06,5.52109e-10,-3.39899e-08,6.6053e-11,1.78035e-07,6.97322e-11,-1.06141e-07,9.25365e-11,-3.60158e-08,9.90188e-12,1.62942e-08,3.39666e-11,1.85087e-08,3.01316e-11,-1.85087e-08,3.01316e-11,8.69362e-08,3.28092e-11,8.69362e-08,3.28092e-11,-2.53035e-09,5.47473e-12,1.51669e-08,4.12558e-12,-1.51669e-08,4.12558e-12,3.29112,10000000,1
0.7,-0.0361424,7.10327e-05,0.0946546,4.633e-05,-0.0564314,5.1912e-05,-0.0382965,1.54022e-05,0.00154197,3.24609e-06,0.00175155,2.89744e-06,-0.00175155,2.89744e-06,0.00822707,3.93345e-06,0.00822707,3.93345e-06,-0.000239456,5.22839e-07,0.0014353,5.74394e-07,-0.0014353,5.74394e-07,1.88089e-06,5.52109e-10,-3.39899e-08,6.6053e-11,1.78035e-07,6.97322e-11,-1.06141e-07,9.25365e-11,-3.60158e-08,9.90188e-12,1.62942e-08,3.39666e-11,1.85087e-08,3.01316e-11,-1.85087e-08,3.01316e-11,8.69362e-08,3.28092e-11,8.69362e-08,3.28092e-11,-2.53035e-09,5.47473e-12,1.51669e-08,4.12558e-12,-1.51669e-08,4.12558e-12,2.99389,10000000,1
0.75,-0.0361424,7.10327e-05,0.0946546,4.633e-05,-0.0564314,5.1912e-05,-0.0382965,1.54022e-05,0.00150645,3.17131e-06,0.0017112,2.8307e-06,-0.0017112,2.8307e-06,0.00803756,3.84284e-06,0.00803756,3.84284e-06,-0.00023394,5.10796e-07,0.00140223,5.61163e-07,-0.00140223,5.61163e-07,1.88089e-06,5.52109e-10,-3.39899e-08,6.6053e-11,1.78035e-07,6.97322e-11,-1.06141e-07,9.25365e-11,-3.60158e-08,9.90188e-12,1.62942e-08,3.39666e-11,1.85087e-08,3.01316e-11,-1.85087e-08,3.01316e-11,8.69362e-08,3.28092e-11,8.69362e-08,3.28092e-11,-2.53035e-09,5.47473e-12,1.51669e-08,4.12558e-12,-1.51669e-08,4.12558e-12,3.01077,10000000,1
0.8,-0.0361424,7.10327e-05,0.0946546,4.633e-05,-0.0564314,5.1912e-05,-0.0382965,1.54022e-05,0.00145486,3.06269e-06,0.00165259,2.73374e-06,-0.00165259,2.73374e-06,0.00776227,3.71122e-06,0.00776227,3.71122e-06,-0.000225927,4.933e-07,0.00135421,5.41943e-07,-0.00135421,5.41943e-07,1.88089e-06,5.52109e-10,-3.39899e-08,6.6053e-11,1.78035e-07,6.97322e-11,-1.06141e-07,9.25365e-11,-3.60158e-08,9.90188e-12,1.62942e-08,3.39666e-11,1.85087e-08,3.01316e-11,-1.85087e-08,3.01316e-11,8.69362e-08,3.28092e-11,8.69362e-08,3.28092e-11,-2.53035e-09,5.47473e-12,1.51669e-08,4.12558e-12,-1.51669e-08,4.12558e-12,3.2224,10000000,1
