z2,<dsig|1;0>,err[1],<dsig|2;0>,err[2],<ALL|0;0>,err[3],<ALL|1;0>,err[4],<dsig|0;1>,err[5],<dsig|1;-1>,err[6],<dsig|1;1>,err[7],<dsig|2;1>,err[8],<dsig|2;-1>,err[9],<ALL|0;1>,err[10],<ALL|1;-1>,err[11],<ALL|1;1>,err[12],AUzi,err[13],AUcfqzi,err[14],AUc2fqzi,err[15],ALzi,err[16],ALcfqzi,err[17],BUcf12zi,err[18],BUcfqmf12zi,err[19],BUcfqpf12zi,err[20],BUc2fqmf12zi,err[21],BUc2fqpf12zi,err[22],BLcf12zi,err[23],BLcfqmf12zi,err[24],BLcfqpf12zi,err[25],time[s],neval,fail
0.1,-0.0627733,6.8963e-05,0.075912,3.7277e-05,-0.0112655,7.034e-05,-0.0629697,2.50585e-05,0.00491545,6.05281e-06,0.00450159,4.76137e-06,-0.00450159,4.76137e-06,0.0130878,6.2482e-06,0.0130878,6.2482e-06,0.000634228,1.48848e-06,0.00408948,1.62683e-06,-0.00408948,1.62683e-06,2.80422e-07,8.43411e-11,-8.80151e-09,9.29996e-12,2.12874e-08,8.26312e-12,-3.15909e-09,1.9702e-11,-8.82905e-09,2.30066e-12,4.40815e-09,5.26372e-12,4.037e-09,4.0937e-12,-4.037e-09,4.0937e-12,1.1737e-08,4.35156e-12,1.1737e-08,4.35156e-12,5.68772e-10,1.32386e-12,3.66743e-09,9.54881e-13,-3.66743e-09,9.54881e-13,3.53069,10000000,1
0.15,-0.0627733,6.8963e-05,0.075912,3.7277e-05,-0.0112655,7.034e-05,-0.0629697,2.50585e-05,0.00502176,6.18372e-06,0.00459895,4.86435e-06,-0.00459895,4.86435e-06,0.0133708,6.38334e-06,0.0133708,6.38334e-06,0.000647945,1.52068e-06,0.00417793,1.66201e-06,-0.00417793,1.66201e-06,2.80422e-07,8.43411e-11,-8.80151e-09,9.29996e-12,2.12874e-08,8.26312e-12,-3.15909e-09,1.9702e-11,-8.82905e-09,2.30066e-12,4.40815e-09,5.26372e-12,4.037e-09,4.0937e-12,-4.037e-09,4.0937e-12,1.1737e-08,4.35156e-12,1.1737e-08,4.35156e-12,5.68772e-10,1.32386e-12,3.66743e-09,9.54881e-13,-3.66743e-09,9.54881e-13,3.56863,10000000,1
0.2,-0.0627733,6.8963e-05,0.075912,3.7277e-05,-0.0112655,7.034e-05,-0.0629697,2.50585e-05,0.00526842,6.48744e-06,0.00482483,5.10327e-06,-0.00482483,5.10327e-06,0.0140276,6.69687e-06,0.0140276,6.69687e-06,0.000679769,1.59537e-06,0.00438314,1.74365e-06,-0.00438314,1.74365e-06,2.80422e-07,8.43411e-11,-8.80151e-09,9.29996e-12,2.12874e-08,8.26312e-12,-3.15909e-09,1.9702e-11,-8.82905e-09,2.30066e-12,4.40815e-09,5.26372e-12,4.037e-09,4.0937e-12,-4.037e-09,4.0937e-12,1.1737e-08,4.35156e-12,1.1737e-08,4.35156e-12,5.68772e-10,1.32386e-12,3.66743e-09,9.54881e-13,-3.66743e-09,9.54881e-13,3.71755,10000000,1
0.25,-0.0627733,6.8963e-05,0.075912,3.7277e-05,-0.0112655,7.034e-05,-0.0629697,2.50585e-05,0.00562454,6.92597e-06,0.00515097,5.44823e-06,-0.00515097,5.44823e-06,0.0149758,7.14955e-06,0.0149758,7.14955e-06,0.000725719,1.70321e-06,0.00467942,1.86151e-06,-0.00467942,1.86151e-06,2.80422e-07,8.43411e-11,-8.80151e-09,9.29996e-12,2.12874e-08,8.26312e-12,-3.15909e-09,1.9702e-11,-8.82905e-09,2.30066e-12,4.40815e-09,5.26372e-12,4.037e-09,4.0937e-12,-4.037e-09,4.0937e-12,1.1737e-08,4.35156e-12,1.1737e-08,4.35156e-12,5.68772e-10,1.32386e-12,3.66743e-09,9.54881e-13,-3.66743e-09,9.54881e-13,3.63911,10000000,1
0.3,-0.0627733,6.8963e-05,0.075912,3.7277e-05,-0.0112655,7.034e-05,-0.0629697,2.50585e-05,0.0060295,7.42462e-06,0.00552183,5.84049e-06,-0.00552183,5.84049e-06,0.016054,7.6643e-06,0.016054,7.6643e-06,0.00077797,1.82584e-06,0.00501633,1.99553e-06,-0.00501633,1.99553e-06,2.80422e-07,8.43411e-11,-8.80151e-09,9.29996e-12,2.12874e-08,8.26312e-12,-3.15909e-09,1.9702e-11,-8.82905e-09,2.30066e-12,4.40815e-09,5.26372e-12,4.037e-09,4.0937e-12,-4.037e-09,4.0937e-12,1.1737e-08,4.35156e-12,1.1737e-08,4.35156e-12,5.68772e-10,1.32386e-12,3.66743e-09,9.54881e-13,-3.66743e-09,9.54881e-13,3.19025,10000000,1
0.35,-0.0627733,6.8963e-05,0.075912,3.7277e-05,-0.0112655,7.034e-05,-0.0629697,2.50585e-05,0.00643849,7.92826e-06,0.00589639,6.23667e-06,-0.00589639,6.23667e-06,0.017143,8.18419e-06,0.017143,8.18419e-06,0.000830741,1.94969e-06,0.0053566,2.1309e-06,-0.0053566,2.1309e-06,2.80422e-07,8.43411e-11,-8.80151e-09,9.29996e-12,2.12874e-08,8.26312e-12,-3.15909e-09,1.9702e-11,-8.82905e-09,2.30066e-12,4.40815e-09,5.26372e-12,4.037e-09,4.0937e-12,-4.037e-09,4.0937e-12,1.1737e-08,4.35156e-12,1.1737e-08,4.35156e-12,5.68772e-10,1.32386e-12,3.66743e-09,9.54881e-13,-3.66743e-09,9.54881e-13,3.22959,10000000,1
0.4,-0.0627733,6.8963e-05,0.075912,3.7277e-05,-0.0112655,7.034e-05,-0.0629697,2.50585e-05,0.00683274,8.41372e-06,0.00625744,6.61856e-06,-0.00625744,6.61856e-06,0.0181927,8.68533e-06,0.0181927,8.68533e-06,0.00088161,2.06907e-06,0.0056846,2.26138e-06,-0.0056846,2.26138e-06,2.80422e-07,8.43411e-11,-8.80151e-09,9.29996e-12,2.12874e-08,8.26312e-12,-3.15909e-09,1.9702e-11,-8.82905e-09,2.30066e-12,4.40815e-09,5.26372e-12,4.037e-09,4.0937e-12,-4.037e-09,4.0937e-12,1.1737e-08,4.35156e-12,1.1737e-08,4.35156e-12,5.68772e-10,1.32386e-12,3.66743e-09,9.54881e-13,-3.66743e-09,9.54881e-13,3.08618,10000000,1
0.45,-0.0627733,6.8963e-05,0.075912,3.7277e-05,-0.0112655,7.034e-05,-0.0629697,2.50585e-05,0.00721383,8.883e-06,0.00660645,6.98771e-06,-0.00660645,6.98771e-06,0.0192074,9.16975e-06,0.0192074,9.16975e-06,0.000930781,2.18447e-06,0.00600166,2.3875e-06,-0.00600166,2.3875e-06,2.80422e-07,8.43411e-11,-8.80151e-09,9.29996e-12,2.12874e-08,8.26312e-12,-3.15909e-09,1.9702e-11,-8.82905e-09,2.30066e-12,4.40815e-09,5.26372e-12,4.037e-09,4.0937e-12,-4.037e-09,4.0937e-12,1.1737e-08,4.35156e-12,1.1737e-08,4.35156e-12,5.68772e-10,1.32386e-12,3.66743e-09,9.54881e-13,-3.66743e-09,9.54881e-13,3.19867,10000000,1
0.5,-0.0627733,6.8963e-05,0.075912,3.7277e-05,-0.0112655,7.034e-05,-0.0629697,2.50585e-05,0.00758618,9.3415e-06,0.00694744,7.34838e-06,-0.00694744,7.34838e-06,0.0201988,9.64305e-06,0.0201988,9.64305e-06,0.000978824,2.29723e-06,0.00631143,2.51074e-06,-0.00631143,2.51074e-06,2.80422e-07,8.43411e-11,-8.80151e-09,9.29996e-12,2.12874e-08,8.26312e-12,-3.15909e-09,1.9702e-11,-8.82905e-09,2.30066e-12,4.40815e-09,5.26372e-12,4.037e-09,4.0937e-12,-4.037e-09,4.0937e-12,1.1737e-08,4.35156e-12,1.1737e-08,4.35156e-12,5.68772e-10,1.32386e-12,3.66743e-09,9.54881e-13,-3.66743e-09,9.54881e-13,3.0659,10000000,1
0.55,-0.0627733,6.8963e-05,0.075912,3.7277e-05,-0.0112655,7.034e-05,-0.0629697,2.50585e-05,0.00794227,9.77999e-06,0.00727356,7.69331e-06,-0.00727356,7.69331e-06,0.0211469,1.00957e-05,0.0211469,1.00957e-05,0.00102477,2.40506e-06,0.00660769,2.62859e-06,-0.00660769,2.62859e-06,2.80422e-07,8.43411e-11,-8.80151e-09,9.29996e-12,2.12874e-08,8.26312e-12,-3.15909e-09,1.9702e-11,-8.82905e-09,2.30066e-12,4.40815e-09,5.26372e-12,4.037e-09,4.0937e-12,-4.037e-09,4.0937e-12,1.1737e-08,4.35156e-12,1.1737e-08,4.35156e-12,5.68772e-10,1.32386e-12,3.66743e-09,9.54881e-13,-3.66743e-09,9.54881e-13,3.2312,10000000,1
0.6,-0.0627733,6.8963e-05,0.075912,3.7277e-05,-0.0112655,7.034e-05,-0.0629697,2.50585e-05,0.00825724,1.01678e-05,0.00756201,7.99841e-06,-0.00756201,7.99841e-06,0.0219856,1.04961e-05,0.0219856,1.04961e-05,0.00106541,2.50044e-06,0.00686974,2.73283e-06,-0.00686974,2.73283e-06,2.80422e-07,8.43411e-11,-8.80151e-09,9.29996e-12,2.12874e-08,8.26312e-12,-3.15909e-09,1.9702e-11,-8.82905e-09,2.30066e-12,4.40815e-09,5.26372e-12,4.037e-09,4.0937e-12,-4.037e-09,4.0937e-12,1.1737e-08,4.35156e-12,1.1737e-08,4.35156e-12,5.68772e-10,1.32386e-12,3.66743e-09,9.54881e-13,-3.66743e-09,9.54881e-13,3.17554,10000000,1
0.65,-0.0627733,6.8963e-05,0.075912,3.7277e-05,-0.0112655,7.034e-05,-0.0629697,2.50585e-05,0.00849775,1.0464e-05,0.00778227,8.23138e-06,-0.00778227,8.23138e-06,0.0226259,1.08018e-05,0.0226259,1.08018e-05,0.00109644,2.57327e-06,0.00706983,2.81243e-06,-0.00706983,2.81243e-06,2.80422e-07,8.43411e-11,-8.80151e-09,9.29996e-12,2.12874e-08,8.26312e-12,-3.15909e-09,1.9702e-11,-8.82905e-09,2.30066e-12,4.40815e-09,5.26372e-12,4.037e-09,4.0937e-12,-4.037e-09,4.0937e-12,1.1737e-08,4.35156e-12,1.1737e-08,4.35156e-12,5.68772e-10,1.32386e-12,3.66743e-09,9.54881e-13,-3.66743e-09,9.54881e-13,3.02867,10000000,1
0.7,-0.0627733,6.8963e-05,0.075912,3.7277e-05,-0.0112655,7.034e-05,-0.0629697,2.50585e-05,0.00863072,1.06277e-05,0.00790404,8.36018e-06,-0.00790404,8.36018e-06,0.02298,1.09708e-05,0.02298,1.09708e-05,0.0011136,2.61353e-06,0.00718045,2.85644e-06,-0.00718045,2.85644e-06,2.80422e-07,8.43411e-11,-8.80151e-09,9.29996e-12,2.12874e-08,8.26312e-12,-3.15909e-09,1.9702e-11,-8.82905e-09,2.30066e-12,4.40815e-09,5.26372e-12,4.037e-09,4.0937e-12,-4.037e-09,4.0937e-12,1.1737e-08,4.35156e-12,1.1737e-08,4.35156e-12,5.68772e-10,1.32386e-12,3.66743e-09,9.54881e-13,-3.66743e-09,9.54881e-13,3.03112,10000000,1
0.75,-0.0627733,6.8963e-05,0.075912,3.7277e-05,-0.0112655,7.034e-05,-0.0629697,2.50585e-05,0.00863819,1.06369e-05,0.00791088,8.36741e-06,-0.00791088,8.36741e-06,0.0229999,1.09803e-05,0.0229999,1.09803e-05,0.00111456,2.61579e-06,0.00718667,2.85891e-06,-0.00718667,2.85891e-06,2.80422e-07,8.43411e-11,-8.80151e-09,9.29996e-12,2.12874e-08,8.26312e-12,-3.15909e-09,1.9702e-11,-8.82905e-09,2.30066e-12,4.40815e-09,5.26372e-12,4.037e-09,4.0937e-12,-4.037e-09,4.0937e-12,1.1737e-08,4.35156e-12,1.1737e-08,4.35156e-12,5.68772e-10,1.32386e-12,3.66743e-09,9.54881e-13,-3.66743e-09,9.54881e-13,3.06056,10000000,1
0.8,-0.0627733,6.8963e-05,0.075912,3.7277e-05,-0.0112655,7.034e-05,-0.0629697,2.50585e-05,0.00852398,1.04963e-05,0.00780628,8.25678e-06,-0.00780628,8.25678e-06,0.0226958,1.08351e-05,0.0226958,1.08351e-05,0.00109983,2.58121e-06,0.00709165,2.82111e-06,-0.00709165,2.82111e-06,2.80422e-07,8.43411e-11,-8.80151e-09,9.29996e-12,2.12874e-08,8.26312e-12,-3.15909e-09,1.9702e-11,-8.82905e-09,2.30066e-12,4.40815e-09,5.26372e-12,4.037e-09,4.0937e-12,-4.037e-09,4.0937e-12,1.1737e-08,4.35156e-12,1.1737e-08,4.35156e-12,5.68772e-10,1.32386e-12,3.66743e-09,9.54881e-13,-3.66743e-09,9.54881e-13,3.06776,10000000,1
