z2,<dsig|1;0>,err[1],<dsig|2;0>,err[2],<ALL|0;0>,err[3],<ALL|1;0>,err[4],<dsig|0;1>,err[5],<dsig|1;-1>,err[6],<dsig|1;1>,err[7],<dsig|2;1>,err[8],<dsig|2;-1>,err[9],<ALL|0;1>,err[10],<ALL|1;-1>,err[11],<ALL|1;1>,err[12],AUzi,err[13],AUcfqzi,err[14],AUc2fqzi,err[15],ALzi,err[16],ALcfqzi,err[17],BUcf12zi,err[18],BUcfqmf12zi,err[19],BUcfqpf12zi,err[20],BUc2fqmf12zi,err[21],BUc2fqpf12zi,err[22],BLcf12zi,err[23],BLcfqmf12zi,err[24],BLcfqpf12zi,err[25],time[s],neval,fail
0.1,0.190288,0.000114079,0.0863818,6.85544e-05,-0.0145862,8.36258e-06,-0.00108953,5.4875e-07,0.00972803,6.23882e-06,-0.00951094,6.207e-06,0.00951094,6.207e-06,0.00276782,1.96322e-06,0.00276782,1.96322e-06,-0.000187433,9.57426e-08,4.64827e-05,2.40328e-08,-4.64827e-05,2.40328e-08,0.0192585,7.70677e-06,0.00183233,8.17946e-07,0.00166358,1.14012e-06,-0.000280907,1.15329e-07,-1.04913e-05,3.20854e-09,0.00115206,5.77361e-07,-0.00112635,5.80666e-07,0.00112635,5.80666e-07,0.000327785,1.91963e-07,0.000327785,1.91963e-07,-2.21972e-05,7.04687e-09,5.50481e-06,1.80215e-09,-5.50481e-06,1.80215e-09,2.96022,10000000,1
0.15,0.190288,0.000114079,0.0863818,6.85544e-05,-0.0145862,8.36258e-06,-0.00108953,5.4875e-07,0.00993738,6.37308e-06,-0.00971562,6.34058e-06,0.00971562,6.34058e-06,0.00282739,2.00547e-06,0.00282739,2.00547e-06,-0.000191467,9.78031e-08,4.7483e-05,2.455e-08,-4.7483e-05,2.455e-08,0.0192585,7.70677e-06,0.00183233,8.17946e-07,0.00166358,1.14012e-06,-0.000280907,1.15329e-07,-1.04913e-05,3.20854e-09,0.00115206,5.77361e-07,-0.00112635,5.80666e-07,0.00112635,5.80666e-07,0.000327785,1.91963e-07,0.000327785,1.91963e-07,-2.21972e-05,7.04687e-09,5.50481e-06,1.80215e-09,-5.50481e-06,1.80215e-09,2.95695,10000000,1
0.2,0.190288,0.000114079,0.0863818,6.85544e-05,-0.0145862,8.36258e-06,-0.00108953,5.4875e-07,0.0103125,6.61366e-06,-0.0100824,6.57993e-06,0.0100824,6.57993e-06,0.00293412,2.08118e-06,0.00293412,2.08118e-06,-0.000198695,1.01495e-07,4.92755e-05,2.54768e-08,-4.92755e-05,2.54768e-08,0.0192585,7.70677e-06,0.00183233,8.17946e-07,0.00166358,1.14012e-06,-0.000280907,1.15329e-07,-1.04913e-05,3.20854e-09,0.00115206,5.77361e-07,-0.00112635,5.80666e-07,0.00112635,5.80666e-07,0.000327785,1.91963e-07,0.000327785,1.91963e-07,-2.21972e-05,7.04687e-09,5.50481e-06,1.80215e-09,-5.50481e-06,1.80215e-09,2.96122,10000000,1
0.25,0.190288,0.000114079,0.0863818,6.85544e-05,-0.0145862,8.36258e-06,-0.00108953,5.4875e-07,0.0107915,6.92083e-06,-0.0105506,6.88553e-06,0.0105506,6.88553e-06,0.00307039,2.17784e-06,0.00307039,2.17784e-06,-0.000207923,1.06209e-07,5.1564e-05,2.666e-08,-5.1564e-05,2.666e-08,0.0192585,7.70677e-06,0.00183233,8.17946e-07,0.00166358,1.14012e-06,-0.000280907,1.15329e-07,-1.04913e-05,3.20854e-09,0.00115206,5.77361e-07,-0.00112635,5.80666e-07,0.00112635,5.80666e-07,0.000327785,1.91963e-07,0.000327785,1.91963e-07,-2.21972e-05,7.04687e-09,5.50481e-06,1.80215e-09,-5.50481e-06,1.80215e-09,2.95616,10000000,1
0.3,0.190288,0.000114079,0.0863818,6.85544e-05,-0.0145862,8.36258e-06,-0.00108953,5.4875e-07,0.0112781,7.23293e-06,-0.0110264,7.19605e-06,0.0110264,7.19605e-06,0.00320885,2.27605e-06,0.00320885,2.27605e-06,-0.0002173,1.10999e-07,5.38894e-05,2.78623e-08,-5.38894e-05,2.78623e-08,0.0192585,7.70677e-06,0.00183233,8.17946e-07,0.00166358,1.14012e-06,-0.000280907,1.15329e-07,-1.04913e-05,3.20854e-09,0.00115206,5.77361e-07,-0.00112635,5.80666e-07,0.00112635,5.80666e-07,0.000327785,1.91963e-07,0.000327785,1.91963e-07,-2.21972e-05,7.04687e-09,5.50481e-06,1.80215e-09,-5.50481e-06,1.80215e-09,2.95113,10000000,1
0.35,0.190288,0.000114079,0.0863818,6.85544e-05,-0.0145862,8.36258e-06,-0.00108953,5.4875e-07,0.0117325,7.52436e-06,-0.0114707,7.48599e-06,0.0114707,7.48599e-06,0.00333814,2.36775e-06,0.00333814,2.36775e-06,-0.000226055,1.15471e-07,5.60607e-05,2.89849e-08,-5.60607e-05,2.89849e-08,0.0192585,7.70677e-06,0.00183233,8.17946e-07,0.00166358,1.14012e-06,-0.000280907,1.15329e-07,-1.04913e-05,3.20854e-09,0.00115206,5.77361e-07,-0.00112635,5.80666e-07,0.00112635,5.80666e-07,0.000327785,1.91963e-07,0.000327785,1.91963e-07,-2.21972e-05,7.04687e-09,5.50481e-06,1.80215e-09,-5.50481e-06,1.80215e-09,2.97232,10000000,1
0.4,0.190288,0.000114079,0.0863818,6.85544e-05,-0.0145862,8.36258e-06,-0.00108953,5.4875e-07,0.0121756,7.80853e-06,-0.0119039,7.76871e-06,0.0119039,7.76871e-06,0.00346421,2.45718e-06,0.00346421,2.45718e-06,-0.000234592,1.19832e-07,5.81779e-05,3.00795e-08,-5.81779e-05,3.00795e-08,0.0192585,7.70677e-06,0.00183233,8.17946e-07,0.00166358,1.14012e-06,-0.000280907,1.15329e-07,-1.04913e-05,3.20854e-09,0.00115206,5.77361e-07,-0.00112635,5.80666e-07,0.00112635,5.80666e-07,0.000327785,1.91963e-07,0.000327785,1.91963e-07,-2.21972e-05,7.04687e-09,5.50481e-06,1.80215e-09,-5.50481e-06,1.80215e-09,2.95777,10000000,1
0.45,0.190288,0.000114079,0.0863818,6.85544e-05,-0.0145862,8.36258e-06,-0.00108953,5.4875e-07,0.0126424,8.10789e-06,-0.0123603,8.06654e-06,0.0123603,8.06654e-06,0.00359702,2.55138e-06,0.00359702,2.55138e-06,-0.000243586,1.24426e-07,6.04083e-05,3.12327e-08,-6.04083e-05,3.12327e-08,0.0192585,7.70677e-06,0.00183233,8.17946e-07,0.00166358,1.14012e-06,-0.000280907,1.15329e-07,-1.04913e-05,3.20854e-09,0.00115206,5.77361e-07,-0.00112635,5.80666e-07,0.00112635,5.80666e-07,0.000327785,1.91963e-07,0.000327785,1.91963e-07,-2.21972e-05,7.04687e-09,5.50481e-06,1.80215e-09,-5.50481e-06,1.80215e-09,2.97146,10000000,1
0.5,0.190288,0.000114079,0.0863818,6.85544e-05,-0.0145862,8.36258e-06,-0.00108953,5.4875e-07,0.0131301,8.42063e-06,-0.0128371,8.37768e-06,0.0128371,8.37768e-06,0.00373577,2.64979e-06,0.00373577,2.64979e-06,-0.000252982,1.29225e-07,6.27384e-05,3.24374e-08,-6.27384e-05,3.24374e-08,0.0192585,7.70677e-06,0.00183233,8.17946e-07,0.00166358,1.14012e-06,-0.000280907,1.15329e-07,-1.04913e-05,3.20854e-09,0.00115206,5.77361e-07,-0.00112635,5.80666e-07,0.00112635,5.80666e-07,0.000327785,1.91963e-07,0.000327785,1.91963e-07,-2.21972e-05,7.04687e-09,5.50481e-06,1.80215e-09,-5.50481e-06,1.80215e-09,2.99681,10000000,1
0.55,0.190288,0.000114079,0.0863818,6.85544e-05,-0.0145862,8.36258e-06,-0.00108953,5.4875e-07,0.0135673,8.70103e-06,-0.0132645,8.65666e-06,0.0132645,8.65666e-06,0.00386017,2.73803e-06,0.00386017,2.73803e-06,-0.000261406,1.33529e-07,6.48276e-05,3.35176e-08,-6.48276e-05,3.35176e-08,0.0192585,7.70677e-06,0.00183233,8.17946e-07,0.00166358,1.14012e-06,-0.000280907,1.15329e-07,-1.04913e-05,3.20854e-09,0.00115206,5.77361e-07,-0.00112635,5.80666e-07,0.00112635,5.80666e-07,0.000327785,1.91963e-07,0.000327785,1.91963e-07,-2.21972e-05,7.04687e-09,5.50481e-06,1.80215e-09,-5.50481e-06,1.80215e-09,2.97689,10000000,1
0.6,0.190288,0.000114079,0.0863818,6.85544e-05,-0.0145862,8.36258e-06,-0.00108953,5.4875e-07,0.0138304,8.86975e-06,-0.0135217,8.82452e-06,0.0135217,8.82452e-06,0.00393502,2.79112e-06,0.00393502,2.79112e-06,-0.000266475,1.36118e-07,6.60846e-05,3.41675e-08,-6.60846e-05,3.41675e-08,0.0192585,7.70677e-06,0.00183233,8.17946e-07,0.00166358,1.14012e-06,-0.000280907,1.15329e-07,-1.04913e-05,3.20854e-09,0.00115206,5.77361e-07,-0.00112635,5.80666e-07,0.00112635,5.80666e-07,0.000327785,1.91963e-07,0.000327785,1.91963e-07,-2.21972e-05,7.04687e-09,5.50481e-06,1.80215e-09,-5.50481e-06,1.80215e-09,2.97125,10000000,1
0.65,0.190288,0.000114079,0.0863818,6.85544e-05,-0.0145862,8.36258e-06,-0.00108953,5.4875e-07,0.0138153,8.86007e-06,-0.013507,8.81489e-06,0.013507,8.81489e-06,0.00393072,2.78807e-06,0.00393072,2.78807e-06,-0.000266184,1.35969e-07,6.60125e-05,3.41302e-08,-6.60125e-05,3.41302e-08,0.0192585,7.70677e-06,0.00183233,8.17946e-07,0.00166358,1.14012e-06,-0.000280907,1.15329e-07,-1.04913e-05,3.20854e-09,0.00115206,5.77361e-07,-0.00112635,5.80666e-07,0.00112635,5.80666e-07,0.000327785,1.91963e-07,0.000327785,1.91963e-07,-2.21972e-05,7.04687e-09,5.50481e-06,1.80215e-09,-5.50481e-06,1.80215e-09,2.96802,10000000,1
0.7,0.190288,0.000114079,0.0863818,6.85544e-05,-0.0145862,8.36258e-06,-0.00108953,5.4875e-07,0.0134602,8.63232e-06,-0.0131598,8.5883e-06,0.0131598,8.5883e-06,0.00382968,2.71641e-06,0.00382968,2.71641e-06,-0.000259342,1.32474e-07,6.43156e-05,3.32529e-08,-6.43156e-05,3.32529e-08,0.0192585,7.70677e-06,0.00183233,8.17946e-07,0.00166358,1.14012e-06,-0.000280907,1.15329e-07,-1.04913e-05,3.20854e-09,0.00115206,5.77361e-07,-0.00112635,5.80666e-07,0.00112635,5.80666e-07,0.000327785,1.91963e-07,0.000327785,1.91963e-07,-2.21972e-05,7.04687e-09,5.50481e-06,1.80215e-09,-5.50481e-06,1.80215e-09,2.97295,10000000,1
0.75,0.190288,0.000114079,0.0863818,6.85544e-05,-0.0145862,8.36258e-06,-0.00108953,5.4875e-07,0.0127917,8.20359e-06,-0.0125062,8.16176e-06,0.0125062,8.16176e-06,0.00363948,2.58149e-06,0.00363948,2.58149e-06,-0.000246461,1.25895e-07,6.11214e-05,3.16014e-08,-6.11214e-05,3.16014e-08,0.0192585,7.70677e-06,0.00183233,8.17946e-07,0.00166358,1.14012e-06,-0.000280907,1.15329e-07,-1.04913e-05,3.20854e-09,0.00115206,5.77361e-07,-0.00112635,5.80666e-07,0.00112635,5.80666e-07,0.000327785,1.91963e-07,0.000327785,1.91963e-07,-2.21972e-05,7.04687e-09,5.50481e-06,1.80215e-09,-5.50481e-06,1.80215e-09,2.97247,10000000,1
0.8,0.190288,0.000114079,0.0863818,6.85544e-05,-0.0145862,8.36258e-06,-0.00108953,5.4875e-07,0.011913,7.64006e-06,-0.0116471,7.6011e-06,0.0116471,7.6011e-06,0.00338947,2.40416e-06,0.00338947,2.40416e-06,-0.000229531,1.17247e-07,5.69227e-05,2.94306e-08,-5.69227e-05,2.94306e-08,0.0192585,7.70677e-06,0.00183233,8.17946e-07,0.00166358,1.14012e-06,-0.000280907,1.15329e-07,-1.04913e-05,3.20854e-09,0.00115206,5.77361e-07,-0.00112635,5.80666e-07,0.00112635,5.80666e-07,0.000327785,1.91963e-07,0.000327785,1.91963e-07,-2.21972e-05,7.04687e-09,5.50481e-06,1.80215e-09,-5.50481e-06,1.80215e-09,2.94725,10000000,1
