z2,<dsig|1;0>,err[1],<dsig|2;0>,err[2],<ALL|0;0>,err[3],<ALL|1;0>,err[4],<dsig|0;1>,err[5],<dsig|1;-1>,err[6],<dsig|1;1>,err[7],<dsig|2;1>,err[8],<dsig|2;-1>,err[9],<ALL|0;1>,err[10],<ALL|1;-1>,err[11],<ALL|1;1>,err[12],AUzi,err[13],AUcfqzi,err[14],AUc2fqzi,err[15],ALzi,err[16],ALcfqzi,err[17],BUcf12zi,err[18],BUcfqmf12zi,err[19],BUcfqpf12zi,err[20],BUc2fqmf12zi,err[21],BUc2fqpf12zi,err[22],BLcf12zi,err[23],BLcfqmf12zi,err[24],BLcfqpf12zi,err[25],time[s],neval,fail
0.1,-0.0627733,6.8963e-05,0.075912,3.7277e-05,-0.0112655,7.034e-05,-0.0629697,2.50585e-05,0.00345925,4.25967e-06,0.00316799,3.35082e-06,-0.00316799,3.35082e-06,0.00921053,4.39718e-06,0.00921053,4.39718e-06,0.000446338,1.04752e-06,0.00287798,1.14488e-06,-0.00287798,1.14488e-06,2.80422e-07,8.43411e-11,-8.80151e-09,9.29996e-12,2.12874e-08,8.26312e-12,-3.15909e-09,1.9702e-11,-8.82905e-09,2.30066e-12,4.40815e-09,5.26372e-12,4.037e-09,4.0937e-12,-4.037e-09,4.0937e-12,1.1737e-08,4.35156e-12,1.1737e-08,4.35156e-12,5.68772e-10,1.32386e-12,3.66743e-09,9.54881e-13,-3.66743e-09,9.54881e-13,3.26615,10000000,1
0.15,-0.0627733,6.8963e-05,0.075912,3.7277e-05,-0.0112655,7.034e-05,-0.0629697,2.50585e-05,0.00352498,4.3406e-06,0.00322819,3.41448e-06,-0.00322819,3.41448e-06,0.00938554,4.48072e-06,0.00938554,4.48072e-06,0.000454819,1.06742e-06,0.00293266,1.16663e-06,-0.00293266,1.16663e-06,2.80422e-07,8.43411e-11,-8.80151e-09,9.29996e-12,2.12874e-08,8.26312e-12,-3.15909e-09,1.9702e-11,-8.82905e-09,2.30066e-12,4.40815e-09,5.26372e-12,4.037e-09,4.0937e-12,-4.037e-09,4.0937e-12,1.1737e-08,4.35156e-12,1.1737e-08,4.35156e-12,5.68772e-10,1.32386e-12,3.66743e-09,9.54881e-13,-3.66743e-09,9.54881e-13,3.81045,10000000,1
0.2,-0.0627733,6.8963e-05,0.075912,3.7277e-05,-0.0112655,7.034e-05,-0.0629697,2.50585e-05,0.00369708,4.55253e-06,0.0033858,3.58119e-06,-0.0033858,3.58119e-06,0.00984377,4.69949e-06,0.00984377,4.69949e-06,0.000477024,1.11954e-06,0.00307584,1.22359e-06,-0.00307584,1.22359e-06,2.80422e-07,8.43411e-11,-8.80151e-09,9.29996e-12,2.12874e-08,8.26312e-12,-3.15909e-09,1.9702e-11,-8.82905e-09,2.30066e-12,4.40815e-09,5.26372e-12,4.037e-09,4.0937e-12,-4.037e-09,4.0937e-12,1.1737e-08,4.35156e-12,1.1737e-08,4.35156e-12,5.68772e-10,1.32386e-12,3.66743e-09,9.54881e-13,-3.66743e-09,9.54881e-13,3.55149,10000000,1
0.25,-0.0627733,6.8963e-05,0.075912,3.7277e-05,-0.0112655,7.034e-05,-0.0629697,2.50585e-05,0.00395091,4.86508e-06,0.00361825,3.82706e-06,-0.00361825,3.82706e-06,0.0105196,5.02213e-06,0.0105196,5.02213e-06,0.000509775,1.1964e-06,0.00328701,1.3076e-06,-0.00328701,1.3076e-06,2.80422e-07,8.43411e-11,-8.80151e-09,9.29996e-12,2.12874e-08,8.26312e-12,-3.15909e-09,1.9702e-11,-8.82905e-09,2.30066e-12,4.40815e-09,5.26372e-12,4.037e-09,4.0937e-12,-4.037e-09,4.0937e-12,1.1737e-08,4.35156e-12,1.1737e-08,4.35156e-12,5.68772e-10,1.32386e-12,3.66743e-09,9.54881e-13,-3.66743e-09,9.54881e-13,3.56581,10000000,1
0.3,-0.0627733,6.8963e-05,0.075912,3.7277e-05,-0.0112655,7.034e-05,-0.0629697,2.50585e-05,0.00423788,5.21846e-06,0.00388106,4.10504e-06,-0.00388106,4.10504e-06,0.0112837,5.38692e-06,0.0112837,5.38692e-06,0.000546802,1.2833e-06,0.00352577,1.40258e-06,-0.00352577,1.40258e-06,2.80422e-07,8.43411e-11,-8.80151e-09,9.29996e-12,2.12874e-08,8.26312e-12,-3.15909e-09,1.9702e-11,-8.82905e-09,2.30066e-12,4.40815e-09,5.26372e-12,4.037e-09,4.0937e-12,-4.037e-09,4.0937e-12,1.1737e-08,4.35156e-12,1.1737e-08,4.35156e-12,5.68772e-10,1.32386e-12,3.66743e-09,9.54881e-13,-3.66743e-09,9.54881e-13,3.88882,10000000,1
0.35,-0.0627733,6.8963e-05,0.075912,3.7277e-05,-0.0112655,7.034e-05,-0.0629697,2.50585e-05,0.00452278,5.56928e-06,0.00414198,4.38101e-06,-0.00414198,4.38101e-06,0.0120423,5.74907e-06,0.0120423,5.74907e-06,0.000583562,1.36958e-06,0.0037628,1.49687e-06,-0.0037628,1.49687e-06,2.80422e-07,8.43411e-11,-8.80151e-09,9.29996e-12,2.12874e-08,8.26312e-12,-3.15909e-09,1.9702e-11,-8.82905e-09,2.30066e-12,4.40815e-09,5.26372e-12,4.037e-09,4.0937e-12,-4.037e-09,4.0937e-12,1.1737e-08,4.35156e-12,1.1737e-08,4.35156e-12,5.68772e-10,1.32386e-12,3.66743e-09,9.54881e-13,-3.66743e-09,9.54881e-13,3.52923,10000000,1
0.4,-0.0627733,6.8963e-05,0.075912,3.7277e-05,-0.0112655,7.034e-05,-0.0629697,2.50585e-05,0.00479173,5.90046e-06,0.00438828,4.64153e-06,-0.00438828,4.64153e-06,0.0127584,6.09094e-06,0.0127584,6.09094e-06,0.000618264,1.45102e-06,0.00398655,1.58588e-06,-0.00398655,1.58588e-06,2.80422e-07,8.43411e-11,-8.80151e-09,9.29996e-12,2.12874e-08,8.26312e-12,-3.15909e-09,1.9702e-11,-8.82905e-09,2.30066e-12,4.40815e-09,5.26372e-12,4.037e-09,4.0937e-12,-4.037e-09,4.0937e-12,1.1737e-08,4.35156e-12,1.1737e-08,4.35156e-12,5.68772e-10,1.32386e-12,3.66743e-09,9.54881e-13,-3.66743e-09,9.54881e-13,3.61071,10000000,1
0.45,-0.0627733,6.8963e-05,0.075912,3.7277e-05,-0.0112655,7.034e-05,-0.0629697,2.50585e-05,0.00504678,6.21452e-06,0.00462186,4.88858e-06,-0.00462186,4.88858e-06,0.0134375,6.41514e-06,0.0134375,6.41514e-06,0.000651172,1.52825e-06,0.00419874,1.67029e-06,-0.00419874,1.67029e-06,2.80422e-07,8.43411e-11,-8.80151e-09,9.29996e-12,2.12874e-08,8.26312e-12,-3.15909e-09,1.9702e-11,-8.82905e-09,2.30066e-12,4.40815e-09,5.26372e-12,4.037e-09,4.0937e-12,-4.037e-09,4.0937e-12,1.1737e-08,4.35156e-12,1.1737e-08,4.35156e-12,5.68772e-10,1.32386e-12,3.66743e-09,9.54881e-13,-3.66743e-09,9.54881e-13,3.28954,10000000,1
0.5,-0.0627733,6.8963e-05,0.075912,3.7277e-05,-0.0112655,7.034e-05,-0.0629697,2.50585e-05,0.0052916,6.516e-06,0.00484607,5.12573e-06,-0.00484607,5.12573e-06,0.0140893,6.72634e-06,0.0140893,6.72634e-06,0.000682761,1.60239e-06,0.00440243,1.75132e-06,-0.00440243,1.75132e-06,2.80422e-07,8.43411e-11,-8.80151e-09,9.29996e-12,2.12874e-08,8.26312e-12,-3.15909e-09,1.9702e-11,-8.82905e-09,2.30066e-12,4.40815e-09,5.26372e-12,4.037e-09,4.0937e-12,-4.037e-09,4.0937e-12,1.1737e-08,4.35156e-12,1.1737e-08,4.35156e-12,5.68772e-10,1.32386e-12,3.66743e-09,9.54881e-13,-3.66743e-09,9.54881e-13,3.20415,10000000,1
0.55,-0.0627733,6.8963e-05,0.075912,3.7277e-05,-0.0112655,7.034e-05,-0.0629697,2.50585e-05,0.00552037,6.79769e-06,0.00505557,5.34732e-06,-0.00505557,5.34732e-06,0.0146984,7.01713e-06,0.0146984,7.01713e-06,0.000712278,1.67166e-06,0.00459275,1.82703e-06,-0.00459275,1.82703e-06,2.80422e-07,8.43411e-11,-8.80151e-09,9.29996e-12,2.12874e-08,8.26312e-12,-3.15909e-09,1.9702e-11,-8.82905e-09,2.30066e-12,4.40815e-09,5.26372e-12,4.037e-09,4.0937e-12,-4.037e-09,4.0937e-12,1.1737e-08,4.35156e-12,1.1737e-08,4.35156e-12,5.68772e-10,1.32386e-12,3.66743e-09,9.54881e-13,-3.66743e-09,9.54881e-13,3.27854,10000000,1
0.6,-0.0627733,6.8963e-05,0.075912,3.7277e-05,-0.0112655,7.034e-05,-0.0629697,2.50585e-05,0.00571451,7.03676e-06,0.00523337,5.53539e-06,-0.00523337,5.53539e-06,0.0152153,7.26392e-06,0.0152153,7.26392e-06,0.000737328,1.73045e-06,0.00475428,1.89129e-06,-0.00475428,1.89129e-06,2.80422e-07,8.43411e-11,-8.80151e-09,9.29996e-12,2.12874e-08,8.26312e-12,-3.15909e-09,1.9702e-11,-8.82905e-09,2.30066e-12,4.40815e-09,5.26372e-12,4.037e-09,4.0937e-12,-4.037e-09,4.0937e-12,1.1737e-08,4.35156e-12,1.1737e-08,4.35156e-12,5.68772e-10,1.32386e-12,3.66743e-09,9.54881e-13,-3.66743e-09,9.54881e-13,3.06147,10000000,1
0.65,-0.0627733,6.8963e-05,0.075912,3.7277e-05,-0.0112655,7.034e-05,-0.0629697,2.50585e-05,0.00585132,7.20522e-06,0.00535866,5.6679e-06,-0.00535866,5.6679e-06,0.0155796,7.43781e-06,0.0155796,7.43781e-06,0.00075498,1.77188e-06,0.00486809,1.93656e-06,-0.00486809,1.93656e-06,2.80422e-07,8.43411e-11,-8.80151e-09,9.29996e-12,2.12874e-08,8.26312e-12,-3.15909e-09,1.9702e-11,-8.82905e-09,2.30066e-12,4.40815e-09,5.26372e-12,4.037e-09,4.0937e-12,-4.037e-09,4.0937e-12,1.1737e-08,4.35156e-12,1.1737e-08,4.35156e-12,5.68772e-10,1.32386e-12,3.66743e-09,9.54881e-13,-3.66743e-09,9.54881e-13,3.04972,10000000,1
0.7,-0.0627733,6.8963e-05,0.075912,3.7277e-05,-0.0112655,7.034e-05,-0.0629697,2.50585e-05,0.00591091,7.2786e-06,0.00541323,5.72562e-06,-0.00541323,5.72562e-06,0.0157383,7.51356e-06,0.0157383,7.51356e-06,0.000762669,1.78993e-06,0.00491767,1.95629e-06,-0.00491767,1.95629e-06,2.80422e-07,8.43411e-11,-8.80151e-09,9.29996e-12,2.12874e-08,8.26312e-12,-3.15909e-09,1.9702e-11,-8.82905e-09,2.30066e-12,4.40815e-09,5.26372e-12,4.037e-09,4.0937e-12,-4.037e-09,4.0937e-12,1.1737e-08,4.35156e-12,1.1737e-08,4.35156e-12,5.68772e-10,1.32386e-12,3.66743e-09,9.54881e-13,-3.66743e-09,9.54881e-13,3.04884,10000000,1
0.75,-0.0627733,6.8963e-05,0.075912,3.7277e-05,-0.0112655,7.034e-05,-0.0629697,2.50585e-05,0.00588747,7.24974e-06,0.00539177,5.70292e-06,-0.00539177,5.70292e-06,0.0156759,7.48377e-06,0.0156759,7.48377e-06,0.000759645,1.78283e-06,0.00489817,1.94853e-06,-0.00489817,1.94853e-06,2.80422e-07,8.43411e-11,-8.80151e-09,9.29996e-12,2.12874e-08,8.26312e-12,-3.15909e-09,1.9702e-11,-8.82905e-09,2.30066e-12,4.40815e-09,5.26372e-12,4.037e-09,4.0937e-12,-4.037e-09,4.0937e-12,1.1737e-08,4.35156e-12,1.1737e-08,4.35156e-12,5.68772e-10,1.32386e-12,3.66743e-09,9.54881e-13,-3.66743e-09,9.54881e-13,3.04757,10000000,1
0.8,-0.0627733,6.8963e-05,0.075912,3.7277e-05,-0.0112655,7.034e-05,-0.0629697,2.50585e-05,0.00579105,7.13101e-06,0.00530346,5.60952e-06,-0.00530346,5.60952e-06,0.0154191,7.36121e-06,0.0154191,7.36121e-06,0.000747204,1.75363e-06,0.00481795,1.91662e-06,-0.00481795,1.91662e-06,2.80422e-07,8.43411e-11,-8.80151e-09,9.29996e-12,2.12874e-08,8.26312e-12,-3.15909e-09,1.9702e-11,-8.82905e-09,2.30066e-12,4.40815e-09,5.26372e-12,4.037e-09,4.0937e-12,-4.037e-09,4.0937e-12,1.1737e-08,4.35156e-12,1.1737e-08,4.35156e-12,5.68772e-10,1.32386e-12,3.66743e-09,9.54881e-13,-3.66743e-09,9.54881e-13,3.03969,10000000,1
