z2,<dsig|1;0>,err[1],<dsig|2;0>,err[2],<ALL|0;0>,err[3],<ALL|1;0>,err[4],<dsig|0;1>,err[5],<dsig|1;-1>,err[6],<dsig|1;1>,err[7],<dsig|2;1>,err[8],<dsig|2;-1>,err[9],<ALL|0;1>,err[10],<ALL|1;-1>,err[11],<ALL|1;1>,err[12],AUzi,err[13],AUcfqzi,err[14],AUc2fqzi,err[15],ALzi,err[16],ALcfqzi,err[17],BUcf12zi,err[18],BUcfqmf12zi,err[19],BUcfqpf12zi,err[20],BUc2fqmf12zi,err[21],BUc2fqpf12zi,err[22],BLcf12zi,err[23],BLcfqmf12zi,err[24],BLcfqpf12zi,err[25],time[s],neval,fail
0.1,-0.0627733,6.8963e-05,0.075912,3.7277e-05,-0.0112655,7.034e-05,-0.0629697,2.50585e-05,0.00184763,2.27515e-06,0.00169207,1.78972e-06,-0.00169207,1.78972e-06,0.00491947,2.34859e-06,0.00491947,2.34859e-06,0.000238395,5.59496e-07,0.00153717,6.11497e-07,-0.00153717,6.11497e-07,2.80422e-07,8.43411e-11,-8.80151e-09,9.29996e-12,2.12874e-08,8.26312e-12,-3.15909e-09,1.9702e-11,-8.82905e-09,2.30066e-12,4.40815e-09,5.26372e-12,4.037e-09,4.0937e-12,-4.037e-09,4.0937e-12,1.1737e-08,4.35156e-12,1.1737e-08,4.35156e-12,5.68772e-10,1.32386e-12,3.66743e-09,9.54881e-13,-3.66743e-09,9.54881e-13,3.786,10000000,1
0.15,-0.0627733,6.8963e-05,0.075912,3.7277e-05,-0.0112655,7.034e-05,-0.0629697,2.50585e-05,0.00189032,2.32771e-06,0.00173116,1.83106e-06,-0.00173116,1.83106e-06,0.00503312,2.40285e-06,0.00503312,2.40285e-06,0.000243902,5.72421e-07,0.00157268,6.25623e-07,-0.00157268,6.25623e-07,2.80422e-07,8.43411e-11,-8.80151e-09,9.29996e-12,2.12874e-08,8.26312e-12,-3.15909e-09,1.9702e-11,-8.82905e-09,2.30066e-12,4.40815e-09,5.26372e-12,4.037e-09,4.0937e-12,-4.037e-09,4.0937e-12,1.1737e-08,4.35156e-12,1.1737e-08,4.35156e-12,5.68772e-10,1.32386e-12,3.66743e-09,9.54881e-13,-3.66743e-09,9.54881e-13,3.73346,10000000,1
0.2,-0.0627733,6.8963e-05,0.075912,3.7277e-05,-0.0112655,7.034e-05,-0.0629697,2.50585e-05,0.00197698,2.43442e-06,0.00181052,1.91501e-06,-0.00181052,1.91501e-06,0.00526386,2.51301e-06,0.00526386,2.51301e-06,0.000255084,5.98664e-07,0.00164478,6.54305e-07,-0.00164478,6.54305e-07,2.80422e-07,8.43411e-11,-8.80151e-09,9.29996e-12,2.12874e-08,8.26312e-12,-3.15909e-09,1.9702e-11,-8.82905e-09,2.30066e-12,4.40815e-09,5.26372e-12,4.037e-09,4.0937e-12,-4.037e-09,4.0937e-12,1.1737e-08,4.35156e-12,1.1737e-08,4.35156e-12,5.68772e-10,1.32386e-12,3.66743e-09,9.54881e-13,-3.66743e-09,9.54881e-13,3.83676,10000000,1
0.25,-0.0627733,6.8963e-05,0.075912,3.7277e-05,-0.0112655,7.034e-05,-0.0629697,2.50585e-05,0.00209368,2.57812e-06,0.00191739,2.02805e-06,-0.00191739,2.02805e-06,0.00557458,2.66134e-06,0.00557458,2.66134e-06,0.000270141,6.34001e-07,0.00174186,6.92927e-07,-0.00174186,6.92927e-07,2.80422e-07,8.43411e-11,-8.80151e-09,9.29996e-12,2.12874e-08,8.26312e-12,-3.15909e-09,1.9702e-11,-8.82905e-09,2.30066e-12,4.40815e-09,5.26372e-12,4.037e-09,4.0937e-12,-4.037e-09,4.0937e-12,1.1737e-08,4.35156e-12,1.1737e-08,4.35156e-12,5.68772e-10,1.32386e-12,3.66743e-09,9.54881e-13,-3.66743e-09,9.54881e-13,3.48327,10000000,1
0.3,-0.0627733,6.8963e-05,0.075912,3.7277e-05,-0.0112655,7.034e-05,-0.0629697,2.50585e-05,0.00221894,2.73236e-06,0.00203211,2.14938e-06,-0.00203211,2.14938e-06,0.00590809,2.82057e-06,0.00590809,2.82057e-06,0.000286303,6.71932e-07,0.00184608,7.34383e-07,-0.00184608,7.34383e-07,2.80422e-07,8.43411e-11,-8.80151e-09,9.29996e-12,2.12874e-08,8.26312e-12,-3.15909e-09,1.9702e-11,-8.82905e-09,2.30066e-12,4.40815e-09,5.26372e-12,4.037e-09,4.0937e-12,-4.037e-09,4.0937e-12,1.1737e-08,4.35156e-12,1.1737e-08,4.35156e-12,5.68772e-10,1.32386e-12,3.66743e-09,9.54881e-13,-3.66743e-09,9.54881e-13,3.64937,10000000,1
0.35,-0.0627733,6.8963e-05,0.075912,3.7277e-05,-0.0112655,7.034e-05,-0.0629697,2.50585e-05,0.00233968,2.88105e-06,0.00214269,2.26634e-06,-0.00214269,2.26634e-06,0.00622959,2.97405e-06,0.00622959,2.97405e-06,0.000301883,7.08496e-07,0.00194653,7.74345e-07,-0.00194653,7.74345e-07,2.80422e-07,8.43411e-11,-8.80151e-09,9.29996e-12,2.12874e-08,8.26312e-12,-3.15909e-09,1.9702e-11,-8.82905e-09,2.30066e-12,4.40815e-09,5.26372e-12,4.037e-09,4.0937e-12,-4.037e-09,4.0937e-12,1.1737e-08,4.35156e-12,1.1737e-08,4.35156e-12,5.68772e-10,1.32386e-12,3.66743e-09,9.54881e-13,-3.66743e-09,9.54881e-13,3.35662,10000000,1
0.4,-0.0627733,6.8963e-05,0.075912,3.7277e-05,-0.0112655,7.034e-05,-0.0629697,2.50585e-05,0.00245255,3.02003e-06,0.00224605,2.37567e-06,-0.00224605,2.37567e-06,0.00653011,3.11752e-06,0.00653011,3.11752e-06,0.000316446,7.42674e-07,0.00204043,8.117e-07,-0.00204043,8.117e-07,2.80422e-07,8.43411e-11,-8.80151e-09,9.29996e-12,2.12874e-08,8.26312e-12,-3.15909e-09,1.9702e-11,-8.82905e-09,2.30066e-12,4.40815e-09,5.26372e-12,4.037e-09,4.0937e-12,-4.037e-09,4.0937e-12,1.1737e-08,4.35156e-12,1.1737e-08,4.35156e-12,5.68772e-10,1.32386e-12,3.66743e-09,9.54881e-13,-3.66743e-09,9.54881e-13,3.14171,10000000,1
0.45,-0.0627733,6.8963e-05,0.075912,3.7277e-05,-0.0112655,7.034e-05,-0.0629697,2.50585e-05,0.0025586,3.15062e-06,0.00234317,2.4784e-06,-0.00234317,2.4784e-06,0.00681247,3.25232e-06,0.00681247,3.25232e-06,0.000330129,7.74788e-07,0.00212866,8.46799e-07,-0.00212866,8.46799e-07,2.80422e-07,8.43411e-11,-8.80151e-09,9.29996e-12,2.12874e-08,8.26312e-12,-3.15909e-09,1.9702e-11,-8.82905e-09,2.30066e-12,4.40815e-09,5.26372e-12,4.037e-09,4.0937e-12,-4.037e-09,4.0937e-12,1.1737e-08,4.35156e-12,1.1737e-08,4.35156e-12,5.68772e-10,1.32386e-12,3.66743e-09,9.54881e-13,-3.66743e-09,9.54881e-13,3.42286,10000000,1
0.5,-0.0627733,6.8963e-05,0.075912,3.7277e-05,-0.0112655,7.034e-05,-0.0629697,2.50585e-05,0.00265649,3.27116e-06,0.00243282,2.57322e-06,-0.00243282,2.57322e-06,0.00707311,3.37675e-06,0.00707311,3.37675e-06,0.000342759,8.0443e-07,0.0022101,8.79197e-07,-0.0022101,8.79197e-07,2.80422e-07,8.43411e-11,-8.80151e-09,9.29996e-12,2.12874e-08,8.26312e-12,-3.15909e-09,1.9702e-11,-8.82905e-09,2.30066e-12,4.40815e-09,5.26372e-12,4.037e-09,4.0937e-12,-4.037e-09,4.0937e-12,1.1737e-08,4.35156e-12,1.1737e-08,4.35156e-12,5.68772e-10,1.32386e-12,3.66743e-09,9.54881e-13,-3.66743e-09,9.54881e-13,3.22767,10000000,1
0.55,-0.0627733,6.8963e-05,0.075912,3.7277e-05,-0.0112655,7.034e-05,-0.0629697,2.50585e-05,0.00273882,3.37254e-06,0.00250822,2.65297e-06,-0.00250822,2.65297e-06,0.00729232,3.48141e-06,0.00729232,3.48141e-06,0.000353382,8.29361e-07,0.0022786,9.06445e-07,-0.0022786,9.06445e-07,2.80422e-07,8.43411e-11,-8.80151e-09,9.29996e-12,2.12874e-08,8.26312e-12,-3.15909e-09,1.9702e-11,-8.82905e-09,2.30066e-12,4.40815e-09,5.26372e-12,4.037e-09,4.0937e-12,-4.037e-09,4.0937e-12,1.1737e-08,4.35156e-12,1.1737e-08,4.35156e-12,5.68772e-10,1.32386e-12,3.66743e-09,9.54881e-13,-3.66743e-09,9.54881e-13,3.38048,10000000,1
0.6,-0.0627733,6.8963e-05,0.075912,3.7277e-05,-0.0112655,7.034e-05,-0.0629697,2.50585e-05,0.00279343,3.43978e-06,0.00255823,2.70586e-06,-0.00255823,2.70586e-06,0.00743772,3.55082e-06,0.00743772,3.55082e-06,0.000360428,8.45898e-07,0.00232403,9.24518e-07,-0.00232403,9.24518e-07,2.80422e-07,8.43411e-11,-8.80151e-09,9.29996e-12,2.12874e-08,8.26312e-12,-3.15909e-09,1.9702e-11,-8.82905e-09,2.30066e-12,4.40815e-09,5.26372e-12,4.037e-09,4.0937e-12,-4.037e-09,4.0937e-12,1.1737e-08,4.35156e-12,1.1737e-08,4.35156e-12,5.68772e-10,1.32386e-12,3.66743e-09,9.54881e-13,-3.66743e-09,9.54881e-13,3.06987,10000000,1
0.65,-0.0627733,6.8963e-05,0.075912,3.7277e-05,-0.0112655,7.034e-05,-0.0629697,2.50585e-05,0.00281095,3.46136e-06,0.00257428,2.72284e-06,-0.00257428,2.72284e-06,0.00748438,3.5731e-06,0.00748438,3.5731e-06,0.00036269,8.51205e-07,0.00233861,9.30318e-07,-0.00233861,9.30318e-07,2.80422e-07,8.43411e-11,-8.80151e-09,9.29996e-12,2.12874e-08,8.26312e-12,-3.15909e-09,1.9702e-11,-8.82905e-09,2.30066e-12,4.40815e-09,5.26372e-12,4.037e-09,4.0937e-12,-4.037e-09,4.0937e-12,1.1737e-08,4.35156e-12,1.1737e-08,4.35156e-12,5.68772e-10,1.32386e-12,3.66743e-09,9.54881e-13,-3.66743e-09,9.54881e-13,3.07986,10000000,1
0.7,-0.0627733,6.8963e-05,0.075912,3.7277e-05,-0.0112655,7.034e-05,-0.0629697,2.50585e-05,0.0027854,3.42989e-06,0.00255088,2.69809e-06,-0.00255088,2.69809e-06,0.00741634,3.54062e-06,0.00741634,3.54062e-06,0.000359392,8.43467e-07,0.00231735,9.21861e-07,-0.00231735,9.21861e-07,2.80422e-07,8.43411e-11,-8.80151e-09,9.29996e-12,2.12874e-08,8.26312e-12,-3.15909e-09,1.9702e-11,-8.82905e-09,2.30066e-12,4.40815e-09,5.26372e-12,4.037e-09,4.0937e-12,-4.037e-09,4.0937e-12,1.1737e-08,4.35156e-12,1.1737e-08,4.35156e-12,5.68772e-10,1.32386e-12,3.66743e-09,9.54881e-13,-3.66743e-09,9.54881e-13,3.06841,10000000,1
0.75,-0.0627733,6.8963e-05,0.075912,3.7277e-05,-0.0112655,7.034e-05,-0.0629697,2.50585e-05,0.00272064,3.35015e-06,0.00249157,2.63536e-06,-0.00249157,2.63536e-06,0.00724392,3.4583e-06,0.00724392,3.4583e-06,0.000351037,8.23857e-07,0.00226348,9.00429e-07,-0.00226348,9.00429e-07,2.80422e-07,8.43411e-11,-8.80151e-09,9.29996e-12,2.12874e-08,8.26312e-12,-3.15909e-09,1.9702e-11,-8.82905e-09,2.30066e-12,4.40815e-09,5.26372e-12,4.037e-09,4.0937e-12,-4.037e-09,4.0937e-12,1.1737e-08,4.35156e-12,1.1737e-08,4.35156e-12,5.68772e-10,1.32386e-12,3.66743e-09,9.54881e-13,-3.66743e-09,9.54881e-13,3.05731,10000000,1
0.8,-0.0627733,6.8963e-05,0.075912,3.7277e-05,-0.0112655,7.034e-05,-0.0629697,2.50585e-05,0.00262762,3.2356e-06,0.00240638,2.54525e-06,-0.00240638,2.54525e-06,0.00699624,3.34005e-06,0.00699624,3.34005e-06,0.000339034,7.95688e-07,0.00218608,8.69641e-07,-0.00218608,8.69641e-07,2.80422e-07,8.43411e-11,-8.80151e-09,9.29996e-12,2.12874e-08,8.26312e-12,-3.15909e-09,1.9702e-11,-8.82905e-09,2.30066e-12,4.40815e-09,5.26372e-12,4.037e-09,4.0937e-12,-4.037e-09,4.0937e-12,1.1737e-08,4.35156e-12,1.1737e-08,4.35156e-12,5.68772e-10,1.32386e-12,3.66743e-09,9.54881e-13,-3.66743e-09,9.54881e-13,3.05042,10000000,1
