,z2,<dsig|1;0>,err[1],<dsig|2;0>,err[2],<ALL|0;0>,err[3],<ALL|1;0>,err[4],<dsig|0;1>,err[5],<dsig|1;-1>,err[6],<dsig|1;1>,err[7],<dsig|2;1>,err[8],<dsig|2;-1>,err[9],<ALL|0;1>,err[10],<ALL|1;-1>,err[11],<ALL|1;1>,err[12],AUzi,err[13],AUcfqzi,err[14],AUc2fqzi,err[15],ALzi,err[16],ALcfqzi,err[17],BUcf12zi,err[18],BUcfqmf12zi,err[19],BUcfqpf12zi,err[20],BUc2fqmf12zi,err[21],BUc2fqpf12zi,err[22],BLcf12zi,err[23],BLcfqmf12zi,err[24],BLcfqpf12zi,err[25],time[s],neval,fail
,0.1,0.18758,0.000142889,0.0826304,8.02403e-05,-0.00151807,1.05327e-06,-6.82965e-05,4.19018e-08,0.00788622,6.1585e-06,-0.00776776,6.30199e-06,0.00776776,6.30199e-06,0.0022524,1.97223e-06,0.0022524,1.97223e-06,-1.2596e-05,7.81115e-09,2.36312e-06,1.4948e-09,-2.36312e-06,1.4948e-09,0.0434033,2.13836e-05,0.0040708,2.36503e-06,0.00358643,3.00118e-06,-6.58893e-05,3.2189e-08,-1.48215e-06,5.41929e-10,0.00250361,1.51692e-06,-0.002466,1.58954e-06,0.002466,1.58954e-06,0.000715063,5.17602e-07,0.000715063,5.17602e-07,-3.9988e-06,1.50599e-09,7.50213e-07,2.97635e-10,-7.50213e-07,2.97635e-10,2.87461,10000000,1
,0.15,0.18758,0.000142889,0.0826304,8.02403e-05,-0.00151807,1.05327e-06,-6.82965e-05,4.19018e-08,0.00790391,6.17231e-06,-0.00778519,6.31613e-06,0.00778519,6.31613e-06,0.00225746,1.97665e-06,0.00225746,1.97665e-06,-1.26242e-05,7.82867e-09,2.36842e-06,1.49816e-09,-2.36842e-06,1.49816e-09,0.0434033,2.13836e-05,0.0040708,2.36503e-06,0.00358643,3.00118e-06,-6.58893e-05,3.2189e-08,-1.48215e-06,5.41929e-10,0.00250361,1.51692e-06,-0.002466,1.58954e-06,0.002466,1.58954e-06,0.000715063,5.17602e-07,0.000715063,5.17602e-07,-3.9988e-06,1.50599e-09,7.50213e-07,2.97635e-10,-7.50213e-07,2.97635e-10,2.87078,10000000,1
,0.2,0.18758,0.000142889,0.0826304,8.02403e-05,-0.00151807,1.05327e-06,-6.82965e-05,4.19018e-08,0.00813883,6.35577e-06,-0.00801659,6.50386e-06,0.00801659,6.50386e-06,0.00232456,2.0354e-06,0.00232456,2.0354e-06,-1.29995e-05,8.06136e-09,2.43882e-06,1.54269e-09,-2.43882e-06,1.54269e-09,0.0434033,2.13836e-05,0.0040708,2.36503e-06,0.00358643,3.00118e-06,-6.58893e-05,3.2189e-08,-1.48215e-06,5.41929e-10,0.00250361,1.51692e-06,-0.002466,1.58954e-06,0.002466,1.58954e-06,0.000715063,5.17602e-07,0.000715063,5.17602e-07,-3.9988e-06,1.50599e-09,7.50213e-07,2.97635e-10,-7.50213e-07,2.97635e-10,2.86936,10000000,1
,0.25,0.18758,0.000142889,0.0826304,8.02403e-05,-0.00151807,1.05327e-06,-6.82965e-05,4.19018e-08,0.00854485,6.67283e-06,-0.0084165,6.82831e-06,0.0084165,6.82831e-06,0.00244052,2.13694e-06,0.00244052,2.13694e-06,-1.3648e-05,8.46351e-09,2.56048e-06,1.61964e-09,-2.56048e-06,1.61964e-09,0.0434033,2.13836e-05,0.0040708,2.36503e-06,0.00358643,3.00118e-06,-6.58893e-05,3.2189e-08,-1.48215e-06,5.41929e-10,0.00250361,1.51692e-06,-0.002466,1.58954e-06,0.002466,1.58954e-06,0.000715063,5.17602e-07,0.000715063,5.17602e-07,-3.9988e-06,1.50599e-09,7.50213e-07,2.97635e-10,-7.50213e-07,2.97635e-10,2.87211,10000000,1
,0.3,0.18758,0.000142889,0.0826304,8.02403e-05,-0.00151807,1.05327e-06,-6.82965e-05,4.19018e-08,0.00901202,7.03766e-06,-0.00887666,7.20164e-06,0.00887666,7.20164e-06,0.00257395,2.25377e-06,0.00257395,2.25377e-06,-1.43941e-05,8.92624e-09,2.70048e-06,1.7082e-09,-2.70048e-06,1.7082e-09,0.0434033,2.13836e-05,0.0040708,2.36503e-06,0.00358643,3.00118e-06,-6.58893e-05,3.2189e-08,-1.48215e-06,5.41929e-10,0.00250361,1.51692e-06,-0.002466,1.58954e-06,0.002466,1.58954e-06,0.000715063,5.17602e-07,0.000715063,5.17602e-07,-3.9988e-06,1.50599e-09,7.50213e-07,2.97635e-10,-7.50213e-07,2.97635e-10,2.90111,10000000,1
,0.35,0.18758,0.000142889,0.0826304,8.02403e-05,-0.00151807,1.05327e-06,-6.82965e-05,4.19018e-08,0.00946707,7.39302e-06,-0.00932487,7.56528e-06,0.00932487,7.56528e-06,0.00270392,2.36758e-06,0.00270392,2.36758e-06,-1.51209e-05,9.37695e-09,2.83683e-06,1.79445e-09,-2.83683e-06,1.79445e-09,0.0434033,2.13836e-05,0.0040708,2.36503e-06,0.00358643,3.00118e-06,-6.58893e-05,3.2189e-08,-1.48215e-06,5.41929e-10,0.00250361,1.51692e-06,-0.002466,1.58954e-06,0.002466,1.58954e-06,0.000715063,5.17602e-07,0.000715063,5.17602e-07,-3.9988e-06,1.50599e-09,7.50213e-07,2.97635e-10,-7.50213e-07,2.97635e-10,3.0432,10000000,1
,0.4,0.18758,0.000142889,0.0826304,8.02403e-05,-0.00151807,1.05327e-06,-6.82965e-05,4.19018e-08,0.00989914,7.73043e-06,-0.00975045,7.91055e-06,0.00975045,7.91055e-06,0.00282732,2.47563e-06,0.00282732,2.47563e-06,-1.5811e-05,9.80491e-09,2.9663e-06,1.87634e-09,-2.9663e-06,1.87634e-09,0.0434033,2.13836e-05,0.0040708,2.36503e-06,0.00358643,3.00118e-06,-6.58893e-05,3.2189e-08,-1.48215e-06,5.41929e-10,0.00250361,1.51692e-06,-0.002466,1.58954e-06,0.002466,1.58954e-06,0.000715063,5.17602e-07,0.000715063,5.17602e-07,-3.9988e-06,1.50599e-09,7.50213e-07,2.97635e-10,-7.50213e-07,2.97635e-10,2.9306,10000000,1
,0.45,0.18758,0.000142889,0.0826304,8.02403e-05,-0.00151807,1.05327e-06,-6.82965e-05,4.19018e-08,0.0103284,8.06564e-06,-0.0101733,8.25357e-06,0.0101733,8.25357e-06,0.00294992,2.58298e-06,0.00294992,2.58298e-06,-1.64967e-05,1.02301e-08,3.09493e-06,1.95771e-09,-3.09493e-06,1.95771e-09,0.0434033,2.13836e-05,0.0040708,2.36503e-06,0.00358643,3.00118e-06,-6.58893e-05,3.2189e-08,-1.48215e-06,5.41929e-10,0.00250361,1.51692e-06,-0.002466,1.58954e-06,0.002466,1.58954e-06,0.000715063,5.17602e-07,0.000715063,5.17602e-07,-3.9988e-06,1.50599e-09,7.50213e-07,2.97635e-10,-7.50213e-07,2.97635e-10,3.15971,10000000,1
,0.5,0.18758,0.000142889,0.0826304,8.02403e-05,-0.00151807,1.05327e-06,-6.82965e-05,4.19018e-08,0.010764,8.40584e-06,-0.0106024,8.60171e-06,0.0106024,8.60171e-06,0.00307435,2.69193e-06,0.00307435,2.69193e-06,-1.71925e-05,1.06616e-08,3.22547e-06,2.04028e-09,-3.22547e-06,2.04028e-09,0.0434033,2.13836e-05,0.0040708,2.36503e-06,0.00358643,3.00118e-06,-6.58893e-05,3.2189e-08,-1.48215e-06,5.41929e-10,0.00250361,1.51692e-06,-0.002466,1.58954e-06,0.002466,1.58954e-06,0.000715063,5.17602e-07,0.000715063,5.17602e-07,-3.9988e-06,1.50599e-09,7.50213e-07,2.97635e-10,-7.50213e-07,2.97635e-10,3.34793,10000000,1
,0.55,0.18758,0.000142889,0.0826304,8.02403e-05,-0.00151807,1.05327e-06,-6.82965e-05,4.19018e-08,0.0111727,8.725e-06,-0.0110049,8.9283e-06,0.0110049,8.9283e-06,0.00319108,2.79414e-06,0.00319108,2.79414e-06,-1.78452e-05,1.10664e-08,3.34794e-06,2.11775e-09,-3.34794e-06,2.11775e-09,0.0434033,2.13836e-05,0.0040708,2.36503e-06,0.00358643,3.00118e-06,-6.58893e-05,3.2189e-08,-1.48215e-06,5.41929e-10,0.00250361,1.51692e-06,-0.002466,1.58954e-06,0.002466,1.58954e-06,0.000715063,5.17602e-07,0.000715063,5.17602e-07,-3.9988e-06,1.50599e-09,7.50213e-07,2.97635e-10,-7.50213e-07,2.97635e-10,3.84367,10000000,1
,0.6,0.18758,0.000142889,0.0826304,8.02403e-05,-0.00151807,1.05327e-06,-6.82965e-05,4.19018e-08,0.0114769,8.96249e-06,-0.0113045,9.17132e-06,0.0113045,9.17132e-06,0.00327794,2.87019e-06,0.00327794,2.87019e-06,-1.8331e-05,1.13676e-08,3.43907e-06,2.17539e-09,-3.43907e-06,2.17539e-09,0.0434033,2.13836e-05,0.0040708,2.36503e-06,0.00358643,3.00118e-06,-6.58893e-05,3.2189e-08,-1.48215e-06,5.41929e-10,0.00250361,1.51692e-06,-0.002466,1.58954e-06,0.002466,1.58954e-06,0.000715063,5.17602e-07,0.000715063,5.17602e-07,-3.9988e-06,1.50599e-09,7.50213e-07,2.97635e-10,-7.50213e-07,2.97635e-10,3.89548,10000000,1
,0.65,0.18758,0.000142889,0.0826304,8.02403e-05,-0.00151807,1.05327e-06,-6.82965e-05,4.19018e-08,0.0115953,9.05502e-06,-0.0114212,9.26601e-06,0.0114212,9.26601e-06,0.00331178,2.89982e-06,0.00331178,2.89982e-06,-1.85202e-05,1.1485e-08,3.47457e-06,2.19785e-09,-3.47457e-06,2.19785e-09,0.0434033,2.13836e-05,0.0040708,2.36503e-06,0.00358643,3.00118e-06,-6.58893e-05,3.2189e-08,-1.48215e-06,5.41929e-10,0.00250361,1.51692e-06,-0.002466,1.58954e-06,0.002466,1.58954e-06,0.000715063,5.17602e-07,0.000715063,5.17602e-07,-3.9988e-06,1.50599e-09,7.50213e-07,2.97635e-10,-7.50213e-07,2.97635e-10,4.12894,10000000,1
,0.7,0.18758,0.000142889,0.0826304,8.02403e-05,-0.00151807,1.05327e-06,-6.82965e-05,4.19018e-08,0.0114663,8.95428e-06,-0.0112941,9.16292e-06,0.0112941,9.16292e-06,0.00327493,2.86756e-06,0.00327493,2.86756e-06,-1.83142e-05,1.13572e-08,3.43592e-06,2.1734e-09,-3.43592e-06,2.1734e-09,0.0434033,2.13836e-05,0.0040708,2.36503e-06,0.00358643,3.00118e-06,-6.58893e-05,3.2189e-08,-1.48215e-06,5.41929e-10,0.00250361,1.51692e-06,-0.002466,1.58954e-06,0.002466,1.58954e-06,0.000715063,5.17602e-07,0.000715063,5.17602e-07,-3.9988e-06,1.50599e-09,7.50213e-07,2.97635e-10,-7.50213e-07,2.97635e-10,4.12338,10000000,1
,0.75,0.18758,0.000142889,0.0826304,8.02403e-05,-0.00151807,1.05327e-06,-6.82965e-05,4.19018e-08,0.0110864,8.65757e-06,-0.0109199,8.85929e-06,0.0109199,8.85929e-06,0.00316641,2.77254e-06,0.00316641,2.77254e-06,-1.77073e-05,1.09808e-08,3.32206e-06,2.10138e-09,-3.32206e-06,2.10138e-09,0.0434033,2.13836e-05,0.0040708,2.36503e-06,0.00358643,3.00118e-06,-6.58893e-05,3.2189e-08,-1.48215e-06,5.41929e-10,0.00250361,1.51692e-06,-0.002466,1.58954e-06,0.002466,1.58954e-06,0.000715063,5.17602e-07,0.000715063,5.17602e-07,-3.9988e-06,1.50599e-09,7.50213e-07,2.97635e-10,-7.50213e-07,2.97635e-10,3.16723,10000000,1
,0.8,0.18758,0.000142889,0.0826304,8.02403e-05,-0.00151807,1.05327e-06,-6.82965e-05,4.19018e-08,0.010515,8.21135e-06,-0.010357,8.40268e-06,0.010357,8.40268e-06,0.00300321,2.62964e-06,0.00300321,2.62964e-06,-1.67947e-05,1.04149e-08,3.15084e-06,1.99308e-09,-3.15084e-06,1.99308e-09,0.0434033,2.13836e-05,0.0040708,2.36503e-06,0.00358643,3.00118e-06,-6.58893e-05,3.2189e-08,-1.48215e-06,5.41929e-10,0.00250361,1.51692e-06,-0.002466,1.58954e-06,0.002466,1.58954e-06,0.000715063,5.17602e-07,0.000715063,5.17602e-07,-3.9988e-06,1.50599e-09,7.50213e-07,2.97635e-10,-7.50213e-07,2.97635e-10,3.53811,10000000,1
