z2,<dsig|1;0>,err[1],<dsig|2;0>,err[2],<ALL|0;0>,err[3],<ALL|1;0>,err[4],<dsig|0;1>,err[5],<dsig|1;-1>,err[6],<dsig|1;1>,err[7],<dsig|2;1>,err[8],<dsig|2;-1>,err[9],<ALL|0;1>,err[10],<ALL|1;-1>,err[11],<ALL|1;1>,err[12],AUzi,err[13],AUcfqzi,err[14],AUc2fqzi,err[15],ALzi,err[16],ALcfqzi,err[17],BUcf12zi,err[18],BUcfqmf12zi,err[19],BUcfqpf12zi,err[20],BUc2fqmf12zi,err[21],BUc2fqpf12zi,err[22],BLcf12zi,err[23],BLcfqmf12zi,err[24],BLcfqpf12zi,err[25],time[s],neval,fail
,0.1,0.190159,0.000149399,0.124131,0.000121519,-0.00182156,1.33093e-06,-0.000118577,7.67712e-08,0.0070048,1.09399e-05,-0.0188155,1.50663e-05,0.0188155,1.50663e-05,0.0099634,8.81907e-06,0.0099634,8.81907e-06,-3.80513e-05,2.48747e-08,1.06809e-05,6.97342e-09,-1.06809e-05,6.97342e-09,0.0133073,6.75828e-06,0.00126525,7.58435e-07,0.00165184,1.38245e-06,-2.424e-05,1.2733e-08,-7.88969e-07,3.16816e-10,0.000253055,3.73736e-07,-0.000679727,4.20804e-07,0.000679727,4.20804e-07,0.000359938,2.60938e-07,0.000359938,2.60938e-07,-1.37464e-06,5.6581e-10,3.85858e-07,1.58312e-10,-3.85858e-07,1.58312e-10,2.87812,10000000,1
,0.15,0.190159,0.000149399,0.124131,0.000121519,-0.00182156,1.33093e-06,-0.000118577,7.67712e-08,0.00694948,1.08535e-05,-0.0186669,1.49473e-05,0.0186669,1.49473e-05,0.00988471,8.74942e-06,0.00988471,8.74942e-06,-3.77508e-05,2.46783e-08,1.05966e-05,6.91835e-09,-1.05966e-05,6.91835e-09,0.0133073,6.75828e-06,0.00126525,7.58435e-07,0.00165184,1.38245e-06,-2.424e-05,1.2733e-08,-7.88969e-07,3.16816e-10,0.000253055,3.73736e-07,-0.000679727,4.20804e-07,0.000679727,4.20804e-07,0.000359938,2.60938e-07,0.000359938,2.60938e-07,-1.37464e-06,5.6581e-10,3.85858e-07,1.58312e-10,-3.85858e-07,1.58312e-10,2.90497,10000000,1
,0.2,0.190159,0.000149399,0.124131,0.000121519,-0.00182156,1.33093e-06,-0.000118577,7.67712e-08,0.00715767,1.11787e-05,-0.0192261,1.53951e-05,0.0192261,1.53951e-05,0.0101808,9.01154e-06,0.0101808,9.01154e-06,-3.88817e-05,2.54176e-08,1.0914e-05,7.12562e-09,-1.0914e-05,7.12562e-09,0.0133073,6.75828e-06,0.00126525,7.58435e-07,0.00165184,1.38245e-06,-2.424e-05,1.2733e-08,-7.88969e-07,3.16816e-10,0.000253055,3.73736e-07,-0.000679727,4.20804e-07,0.000679727,4.20804e-07,0.000359938,2.60938e-07,0.000359938,2.60938e-07,-1.37464e-06,5.6581e-10,3.85858e-07,1.58312e-10,-3.85858e-07,1.58312e-10,2.94392,10000000,1
,0.25,0.190159,0.000149399,0.124131,0.000121519,-0.00182156,1.33093e-06,-0.000118577,7.67712e-08,0.0075899,1.18537e-05,-0.0203871,1.63248e-05,0.0203871,1.63248e-05,0.0107956,9.55572e-06,0.0107956,9.55572e-06,-4.12297e-05,2.69525e-08,1.15731e-05,7.55591e-09,-1.15731e-05,7.55591e-09,0.0133073,6.75828e-06,0.00126525,7.58435e-07,0.00165184,1.38245e-06,-2.424e-05,1.2733e-08,-7.88969e-07,3.16816e-10,0.000253055,3.73736e-07,-0.000679727,4.20804e-07,0.000679727,4.20804e-07,0.000359938,2.60938e-07,0.000359938,2.60938e-07,-1.37464e-06,5.6581e-10,3.85858e-07,1.58312e-10,-3.85858e-07,1.58312e-10,3.06552,10000000,1
,0.3,0.190159,0.000149399,0.124131,0.000121519,-0.00182156,1.33093e-06,-0.000118577,7.67712e-08,0.00813895,1.27112e-05,-0.0218619,1.75057e-05,0.0218619,1.75057e-05,0.0115766,1.0247e-05,0.0115766,1.0247e-05,-4.42122e-05,2.89023e-08,1.24103e-05,8.1025e-09,-1.24103e-05,8.1025e-09,0.0133073,6.75828e-06,0.00126525,7.58435e-07,0.00165184,1.38245e-06,-2.424e-05,1.2733e-08,-7.88969e-07,3.16816e-10,0.000253055,3.73736e-07,-0.000679727,4.20804e-07,0.000679727,4.20804e-07,0.000359938,2.60938e-07,0.000359938,2.60938e-07,-1.37464e-06,5.6581e-10,3.85858e-07,1.58312e-10,-3.85858e-07,1.58312e-10,3.23118,10000000,1
,0.35,0.190159,0.000149399,0.124131,0.000121519,-0.00182156,1.33093e-06,-0.000118577,7.67712e-08,0.00871343,1.36084e-05,-0.023405,1.87413e-05,0.023405,1.87413e-05,0.0123937,1.09702e-05,0.0123937,1.09702e-05,-4.73329e-05,3.09423e-08,1.32862e-05,8.6744e-09,-1.32862e-05,8.6744e-09,0.0133073,6.75828e-06,0.00126525,7.58435e-07,0.00165184,1.38245e-06,-2.424e-05,1.2733e-08,-7.88969e-07,3.16816e-10,0.000253055,3.73736e-07,-0.000679727,4.20804e-07,0.000679727,4.20804e-07,0.000359938,2.60938e-07,0.000359938,2.60938e-07,-1.37464e-06,5.6581e-10,3.85858e-07,1.58312e-10,-3.85858e-07,1.58312e-10,3.69555,10000000,1
,0.4,0.190159,0.000149399,0.124131,0.000121519,-0.00182156,1.33093e-06,-0.000118577,7.67712e-08,0.00926977,1.44773e-05,-0.0248994,1.99379e-05,0.0248994,1.99379e-05,0.013185,1.16707e-05,0.013185,1.16707e-05,-5.0355e-05,3.29179e-08,1.41345e-05,9.22825e-09,-1.41345e-05,9.22825e-09,0.0133073,6.75828e-06,0.00126525,7.58435e-07,0.00165184,1.38245e-06,-2.424e-05,1.2733e-08,-7.88969e-07,3.16816e-10,0.000253055,3.73736e-07,-0.000679727,4.20804e-07,0.000679727,4.20804e-07,0.000359938,2.60938e-07,0.000359938,2.60938e-07,-1.37464e-06,5.6581e-10,3.85858e-07,1.58312e-10,-3.85858e-07,1.58312e-10,2.9892,10000000,1
,0.45,0.190159,0.000149399,0.124131,0.000121519,-0.00182156,1.33093e-06,-0.000118577,7.67712e-08,0.00980532,1.53137e-05,-0.0263379,2.10898e-05,0.0263379,2.10898e-05,0.0139468,1.23449e-05,0.0139468,1.23449e-05,-5.32642e-05,3.48197e-08,1.49512e-05,9.7614e-09,-1.49512e-05,9.7614e-09,0.0133073,6.75828e-06,0.00126525,7.58435e-07,0.00165184,1.38245e-06,-2.424e-05,1.2733e-08,-7.88969e-07,3.16816e-10,0.000253055,3.73736e-07,-0.000679727,4.20804e-07,0.000679727,4.20804e-07,0.000359938,2.60938e-07,0.000359938,2.60938e-07,-1.37464e-06,5.6581e-10,3.85858e-07,1.58312e-10,-3.85858e-07,1.58312e-10,3.80504,10000000,1
,0.5,0.190159,0.000149399,0.124131,0.000121519,-0.00182156,1.33093e-06,-0.000118577,7.67712e-08,0.0103385,1.61465e-05,-0.0277702,2.22367e-05,0.0277702,2.22367e-05,0.0147052,1.30163e-05,0.0147052,1.30163e-05,-5.61608e-05,3.67132e-08,1.57642e-05,1.02922e-08,-1.57642e-05,1.02922e-08,0.0133073,6.75828e-06,0.00126525,7.58435e-07,0.00165184,1.38245e-06,-2.424e-05,1.2733e-08,-7.88969e-07,3.16816e-10,0.000253055,3.73736e-07,-0.000679727,4.20804e-07,0.000679727,4.20804e-07,0.000359938,2.60938e-07,0.000359938,2.60938e-07,-1.37464e-06,5.6581e-10,3.85858e-07,1.58312e-10,-3.85858e-07,1.58312e-10,3.7986,10000000,1
,0.55,0.190159,0.000149399,0.124131,0.000121519,-0.00182156,1.33093e-06,-0.000118577,7.67712e-08,0.0108793,1.6991e-05,-0.0292227,2.33998e-05,0.0292227,2.33998e-05,0.0154744,1.36971e-05,0.0154744,1.36971e-05,-5.90982e-05,3.86335e-08,1.65887e-05,1.08306e-08,-1.65887e-05,1.08306e-08,0.0133073,6.75828e-06,0.00126525,7.58435e-07,0.00165184,1.38245e-06,-2.424e-05,1.2733e-08,-7.88969e-07,3.16816e-10,0.000253055,3.73736e-07,-0.000679727,4.20804e-07,0.000679727,4.20804e-07,0.000359938,2.60938e-07,0.000359938,2.60938e-07,-1.37464e-06,5.6581e-10,3.85858e-07,1.58312e-10,-3.85858e-07,1.58312e-10,4.12933,10000000,1
,0.6,0.190159,0.000149399,0.124131,0.000121519,-0.00182156,1.33093e-06,-0.000118577,7.67712e-08,0.0114084,1.78173e-05,-0.0306438,2.45377e-05,0.0306438,2.45377e-05,0.0162269,1.43632e-05,0.0162269,1.43632e-05,-6.19722e-05,4.05123e-08,1.73955e-05,1.13573e-08,-1.73955e-05,1.13573e-08,0.0133073,6.75828e-06,0.00126525,7.58435e-07,0.00165184,1.38245e-06,-2.424e-05,1.2733e-08,-7.88969e-07,3.16816e-10,0.000253055,3.73736e-07,-0.000679727,4.20804e-07,0.000679727,4.20804e-07,0.000359938,2.60938e-07,0.000359938,2.60938e-07,-1.37464e-06,5.6581e-10,3.85858e-07,1.58312e-10,-3.85858e-07,1.58312e-10,3.80039,10000000,1
,0.65,0.190159,0.000149399,0.124131,0.000121519,-0.00182156,1.33093e-06,-0.000118577,7.67712e-08,0.0118779,1.85506e-05,-0.0319051,2.55476e-05,0.0319051,2.55476e-05,0.0168948,1.49543e-05,0.0168948,1.49543e-05,-6.45229e-05,4.21797e-08,1.81114e-05,1.18247e-08,-1.81114e-05,1.18247e-08,0.0133073,6.75828e-06,0.00126525,7.58435e-07,0.00165184,1.38245e-06,-2.424e-05,1.2733e-08,-7.88969e-07,3.16816e-10,0.000253055,3.73736e-07,-0.000679727,4.20804e-07,0.000679727,4.20804e-07,0.000359938,2.60938e-07,0.000359938,2.60938e-07,-1.37464e-06,5.6581e-10,3.85858e-07,1.58312e-10,-3.85858e-07,1.58312e-10,3.80363,10000000,1
,0.7,0.190159,0.000149399,0.124131,0.000121519,-0.00182156,1.33093e-06,-0.000118577,7.67712e-08,0.0122279,1.90972e-05,-0.0328451,2.63004e-05,0.0328451,2.63004e-05,0.0173926,1.5395e-05,0.0173926,1.5395e-05,-6.6424e-05,4.34225e-08,1.86451e-05,1.21731e-08,-1.86451e-05,1.21731e-08,0.0133073,6.75828e-06,0.00126525,7.58435e-07,0.00165184,1.38245e-06,-2.424e-05,1.2733e-08,-7.88969e-07,3.16816e-10,0.000253055,3.73736e-07,-0.000679727,4.20804e-07,0.000679727,4.20804e-07,0.000359938,2.60938e-07,0.000359938,2.60938e-07,-1.37464e-06,5.6581e-10,3.85858e-07,1.58312e-10,-3.85858e-07,1.58312e-10,3.58967,10000000,1
,0.75,0.190159,0.000149399,0.124131,0.000121519,-0.00182156,1.33093e-06,-0.000118577,7.67712e-08,0.0124046,1.93732e-05,-0.0333198,2.66805e-05,0.0333198,2.66805e-05,0.0176439,1.56175e-05,0.0176439,1.56175e-05,-6.7384e-05,4.405e-08,1.89145e-05,1.2349e-08,-1.89145e-05,1.2349e-08,0.0133073,6.75828e-06,0.00126525,7.58435e-07,0.00165184,1.38245e-06,-2.424e-05,1.2733e-08,-7.88969e-07,3.16816e-10,0.000253055,3.73736e-07,-0.000679727,4.20804e-07,0.000679727,4.20804e-07,0.000359938,2.60938e-07,0.000359938,2.60938e-07,-1.37464e-06,5.6581e-10,3.85858e-07,1.58312e-10,-3.85858e-07,1.58312e-10,3.12268,10000000,1
,0.8,0.190159,0.000149399,0.124131,0.000121519,-0.00182156,1.33093e-06,-0.000118577,7.67712e-08,0.0123807,1.93359e-05,-0.0332556,2.66291e-05,0.0332556,2.66291e-05,0.0176099,1.55874e-05,0.0176099,1.55874e-05,-6.72542e-05,4.39652e-08,1.88781e-05,1.23253e-08,-1.88781e-05,1.23253e-08,0.0133073,6.75828e-06,0.00126525,7.58435e-07,0.00165184,1.38245e-06,-2.424e-05,1.2733e-08,-7.88969e-07,3.16816e-10,0.000253055,3.73736e-07,-0.000679727,4.20804e-07,0.000679727,4.20804e-07,0.000359938,2.60938e-07,0.000359938,2.60938e-07,-1.37464e-06,5.6581e-10,3.85858e-07,1.58312e-10,-3.85858e-07,1.58312e-10,3.16873,10000000,1
