z2,<dsig|1;0>,err[1],<dsig|2;0>,err[2],<ALL|0;0>,err[3],<ALL|1;0>,err[4],<dsig|0;1>,err[5],<dsig|1;-1>,err[6],<dsig|1;1>,err[7],<dsig|2;1>,err[8],<dsig|2;-1>,err[9],<ALL|0;1>,err[10],<ALL|1;-1>,err[11],<ALL|1;1>,err[12],AUzi,err[13],AUcfqzi,err[14],AUc2fqzi,err[15],ALzi,err[16],ALcfqzi,err[17],BUcf12zi,err[18],BUcfqmf12zi,err[19],BUcfqpf12zi,err[20],BUc2fqmf12zi,err[21],BUc2fqpf12zi,err[22],BLcf12zi,err[23],BLcfqmf12zi,err[24],BLcfqpf12zi,err[25],time[s],neval,fail
,0.1,0.190159,0.000149399,0.124131,0.000121519,-0.00182156,1.33093e-06,-0.000118577,7.67712e-08,0.00726049,1.13393e-05,-0.0195023,1.56163e-05,0.0195023,1.56163e-05,0.0103271,9.141e-06,0.0103271,9.141e-06,-3.94403e-05,2.57828e-08,1.10708e-05,7.22798e-09,-1.10708e-05,7.22798e-09,0.0133073,6.75828e-06,0.00126525,7.58435e-07,0.00165184,1.38245e-06,-2.424e-05,1.2733e-08,-7.88969e-07,3.16816e-10,0.000253055,3.73736e-07,-0.000679727,4.20804e-07,0.000679727,4.20804e-07,0.000359938,2.60938e-07,0.000359938,2.60938e-07,-1.37464e-06,5.6581e-10,3.85858e-07,1.58312e-10,-3.85858e-07,1.58312e-10,2.93044,10000000,1
,0.15,0.190159,0.000149399,0.124131,0.000121519,-0.00182156,1.33093e-06,-0.000118577,7.67712e-08,0.00731035,1.14171e-05,-0.0196362,1.57235e-05,0.0196362,1.57235e-05,0.010398,9.20377e-06,0.010398,9.20377e-06,-3.97111e-05,2.59598e-08,1.11468e-05,7.27761e-09,-1.11468e-05,7.27761e-09,0.0133073,6.75828e-06,0.00126525,7.58435e-07,0.00165184,1.38245e-06,-2.424e-05,1.2733e-08,-7.88969e-07,3.16816e-10,0.000253055,3.73736e-07,-0.000679727,4.20804e-07,0.000679727,4.20804e-07,0.000359938,2.60938e-07,0.000359938,2.60938e-07,-1.37464e-06,5.6581e-10,3.85858e-07,1.58312e-10,-3.85858e-07,1.58312e-10,2.89791,10000000,1
,0.2,0.190159,0.000149399,0.124131,0.000121519,-0.00182156,1.33093e-06,-0.000118577,7.67712e-08,0.00758318,1.18432e-05,-0.0203691,1.63103e-05,0.0203691,1.63103e-05,0.0107861,9.54726e-06,0.0107861,9.54726e-06,-4.11932e-05,2.69286e-08,1.15628e-05,7.54922e-09,-1.15628e-05,7.54922e-09,0.0133073,6.75828e-06,0.00126525,7.58435e-07,0.00165184,1.38245e-06,-2.424e-05,1.2733e-08,-7.88969e-07,3.16816e-10,0.000253055,3.73736e-07,-0.000679727,4.20804e-07,0.000679727,4.20804e-07,0.000359938,2.60938e-07,0.000359938,2.60938e-07,-1.37464e-06,5.6581e-10,3.85858e-07,1.58312e-10,-3.85858e-07,1.58312e-10,3.02063,10000000,1
,0.25,0.190159,0.000149399,0.124131,0.000121519,-0.00182156,1.33093e-06,-0.000118577,7.67712e-08,0.00804561,1.25654e-05,-0.0216112,1.73049e-05,0.0216112,1.73049e-05,0.0114438,1.01295e-05,0.0114438,1.01295e-05,-4.37052e-05,2.85708e-08,1.2268e-05,8.00958e-09,-1.2268e-05,8.00958e-09,0.0133073,6.75828e-06,0.00126525,7.58435e-07,0.00165184,1.38245e-06,-2.424e-05,1.2733e-08,-7.88969e-07,3.16816e-10,0.000253055,3.73736e-07,-0.000679727,4.20804e-07,0.000679727,4.20804e-07,0.000359938,2.60938e-07,0.000359938,2.60938e-07,-1.37464e-06,5.6581e-10,3.85858e-07,1.58312e-10,-3.85858e-07,1.58312e-10,3.29069,10000000,1
,0.3,0.190159,0.000149399,0.124131,0.000121519,-0.00182156,1.33093e-06,-0.000118577,7.67712e-08,0.00862429,1.34692e-05,-0.0231656,1.85496e-05,0.0231656,1.85496e-05,0.0122669,1.0858e-05,0.0122669,1.0858e-05,-4.68487e-05,3.06257e-08,1.31503e-05,8.58567e-09,-1.31503e-05,8.58567e-09,0.0133073,6.75828e-06,0.00126525,7.58435e-07,0.00165184,1.38245e-06,-2.424e-05,1.2733e-08,-7.88969e-07,3.16816e-10,0.000253055,3.73736e-07,-0.000679727,4.20804e-07,0.000679727,4.20804e-07,0.000359938,2.60938e-07,0.000359938,2.60938e-07,-1.37464e-06,5.6581e-10,3.85858e-07,1.58312e-10,-3.85858e-07,1.58312e-10,3.41196,10000000,1
,0.35,0.190159,0.000149399,0.124131,0.000121519,-0.00182156,1.33093e-06,-0.000118577,7.67712e-08,0.00925479,1.44539e-05,-0.0248591,1.99057e-05,0.0248591,1.99057e-05,0.0131637,1.16518e-05,0.0131637,1.16518e-05,-5.02737e-05,3.28647e-08,1.41117e-05,9.21335e-09,-1.41117e-05,9.21335e-09,0.0133073,6.75828e-06,0.00126525,7.58435e-07,0.00165184,1.38245e-06,-2.424e-05,1.2733e-08,-7.88969e-07,3.16816e-10,0.000253055,3.73736e-07,-0.000679727,4.20804e-07,0.000679727,4.20804e-07,0.000359938,2.60938e-07,0.000359938,2.60938e-07,-1.37464e-06,5.6581e-10,3.85858e-07,1.58312e-10,-3.85858e-07,1.58312e-10,4.06072,10000000,1
,0.4,0.190159,0.000149399,0.124131,0.000121519,-0.00182156,1.33093e-06,-0.000118577,7.67712e-08,0.00990084,1.54629e-05,-0.0265945,2.12952e-05,0.0265945,2.12952e-05,0.0140826,1.24652e-05,0.0140826,1.24652e-05,-5.37831e-05,3.51589e-08,1.50968e-05,9.8565e-09,-1.50968e-05,9.8565e-09,0.0133073,6.75828e-06,0.00126525,7.58435e-07,0.00165184,1.38245e-06,-2.424e-05,1.2733e-08,-7.88969e-07,3.16816e-10,0.000253055,3.73736e-07,-0.000679727,4.20804e-07,0.000679727,4.20804e-07,0.000359938,2.60938e-07,0.000359938,2.60938e-07,-1.37464e-06,5.6581e-10,3.85858e-07,1.58312e-10,-3.85858e-07,1.58312e-10,4.16462,10000000,1
,0.45,0.190159,0.000149399,0.124131,0.000121519,-0.00182156,1.33093e-06,-0.000118577,7.67712e-08,0.0105546,1.6484e-05,-0.0283506,2.27014e-05,0.0283506,2.27014e-05,0.0150126,1.32883e-05,0.0150126,1.32883e-05,-5.73346e-05,3.74805e-08,1.60937e-05,1.05074e-08,-1.60937e-05,1.05074e-08,0.0133073,6.75828e-06,0.00126525,7.58435e-07,0.00165184,1.38245e-06,-2.424e-05,1.2733e-08,-7.88969e-07,3.16816e-10,0.000253055,3.73736e-07,-0.000679727,4.20804e-07,0.000679727,4.20804e-07,0.000359938,2.60938e-07,0.000359938,2.60938e-07,-1.37464e-06,5.6581e-10,3.85858e-07,1.58312e-10,-3.85858e-07,1.58312e-10,3.12396,10000000,1
,0.5,0.190159,0.000149399,0.124131,0.000121519,-0.00182156,1.33093e-06,-0.000118577,7.67712e-08,0.0112299,1.75386e-05,-0.0301645,2.41539e-05,0.0301645,2.41539e-05,0.0159731,1.41385e-05,0.0159731,1.41385e-05,-6.10028e-05,3.98786e-08,1.71234e-05,1.11796e-08,-1.71234e-05,1.11796e-08,0.0133073,6.75828e-06,0.00126525,7.58435e-07,0.00165184,1.38245e-06,-2.424e-05,1.2733e-08,-7.88969e-07,3.16816e-10,0.000253055,3.73736e-07,-0.000679727,4.20804e-07,0.000679727,4.20804e-07,0.000359938,2.60938e-07,0.000359938,2.60938e-07,-1.37464e-06,5.6581e-10,3.85858e-07,1.58312e-10,-3.85858e-07,1.58312e-10,4.18196,10000000,1
,0.55,0.190159,0.000149399,0.124131,0.000121519,-0.00182156,1.33093e-06,-0.000118577,7.67712e-08,0.0119425,1.86515e-05,-0.0320786,2.56866e-05,0.0320786,2.56866e-05,0.0169866,1.50357e-05,0.0169866,1.50357e-05,-6.48738e-05,4.2409e-08,1.82099e-05,1.1889e-08,-1.82099e-05,1.1889e-08,0.0133073,6.75828e-06,0.00126525,7.58435e-07,0.00165184,1.38245e-06,-2.424e-05,1.2733e-08,-7.88969e-07,3.16816e-10,0.000253055,3.73736e-07,-0.000679727,4.20804e-07,0.000679727,4.20804e-07,0.000359938,2.60938e-07,0.000359938,2.60938e-07,-1.37464e-06,5.6581e-10,3.85858e-07,1.58312e-10,-3.85858e-07,1.58312e-10,4.27599,10000000,1
,0.6,0.190159,0.000149399,0.124131,0.000121519,-0.00182156,1.33093e-06,-0.000118577,7.67712e-08,0.0126905,1.98197e-05,-0.0340877,2.72954e-05,0.0340877,2.72954e-05,0.0180506,1.59774e-05,0.0180506,1.59774e-05,-6.8937e-05,4.50653e-08,1.93505e-05,1.26337e-08,-1.93505e-05,1.26337e-08,0.0133073,6.75828e-06,0.00126525,7.58435e-07,0.00165184,1.38245e-06,-2.424e-05,1.2733e-08,-7.88969e-07,3.16816e-10,0.000253055,3.73736e-07,-0.000679727,4.20804e-07,0.000679727,4.20804e-07,0.000359938,2.60938e-07,0.000359938,2.60938e-07,-1.37464e-06,5.6581e-10,3.85858e-07,1.58312e-10,-3.85858e-07,1.58312e-10,3.33416,10000000,1
,0.65,0.190159,0.000149399,0.124131,0.000121519,-0.00182156,1.33093e-06,-0.000118577,7.67712e-08,0.0134488,2.10041e-05,-0.0361247,2.89265e-05,0.0361247,2.89265e-05,0.0191292,1.69322e-05,0.0191292,1.69322e-05,-7.30565e-05,4.77582e-08,2.05068e-05,1.33886e-08,-2.05068e-05,1.33886e-08,0.0133073,6.75828e-06,0.00126525,7.58435e-07,0.00165184,1.38245e-06,-2.424e-05,1.2733e-08,-7.88969e-07,3.16816e-10,0.000253055,3.73736e-07,-0.000679727,4.20804e-07,0.000679727,4.20804e-07,0.000359938,2.60938e-07,0.000359938,2.60938e-07,-1.37464e-06,5.6581e-10,3.85858e-07,1.58312e-10,-3.85858e-07,1.58312e-10,3.97852,10000000,1
,0.7,0.190159,0.000149399,0.124131,0.000121519,-0.00182156,1.33093e-06,-0.000118577,7.67712e-08,0.0141749,2.21379e-05,-0.0380748,3.0488e-05,0.0380748,3.0488e-05,0.0201619,1.78462e-05,0.0201619,1.78462e-05,-7.70003e-05,5.03364e-08,2.16138e-05,1.41114e-08,-2.16138e-05,1.41114e-08,0.0133073,6.75828e-06,0.00126525,7.58435e-07,0.00165184,1.38245e-06,-2.424e-05,1.2733e-08,-7.88969e-07,3.16816e-10,0.000253055,3.73736e-07,-0.000679727,4.20804e-07,0.000679727,4.20804e-07,0.000359938,2.60938e-07,0.000359938,2.60938e-07,-1.37464e-06,5.6581e-10,3.85858e-07,1.58312e-10,-3.85858e-07,1.58312e-10,3.58663,10000000,1
,0.75,0.190159,0.000149399,0.124131,0.000121519,-0.00182156,1.33093e-06,-0.000118577,7.67712e-08,0.0148032,2.31193e-05,-0.0397626,3.18395e-05,0.0397626,3.18395e-05,0.0210556,1.86373e-05,0.0210556,1.86373e-05,-8.04136e-05,5.25677e-08,2.25719e-05,1.47369e-08,-2.25719e-05,1.47369e-08,0.0133073,6.75828e-06,0.00126525,7.58435e-07,0.00165184,1.38245e-06,-2.424e-05,1.2733e-08,-7.88969e-07,3.16816e-10,0.000253055,3.73736e-07,-0.000679727,4.20804e-07,0.000679727,4.20804e-07,0.000359938,2.60938e-07,0.000359938,2.60938e-07,-1.37464e-06,5.6581e-10,3.85858e-07,1.58312e-10,-3.85858e-07,1.58312e-10,3.59768,10000000,1
,0.8,0.190159,0.000149399,0.124131,0.000121519,-0.00182156,1.33093e-06,-0.000118577,7.67712e-08,0.0152468,2.38121e-05,-0.0409543,3.27937e-05,0.0409543,3.27937e-05,0.0216866,1.91958e-05,0.0216866,1.91958e-05,-8.28235e-05,5.41431e-08,2.32484e-05,1.51786e-08,-2.32484e-05,1.51786e-08,0.0133073,6.75828e-06,0.00126525,7.58435e-07,0.00165184,1.38245e-06,-2.424e-05,1.2733e-08,-7.88969e-07,3.16816e-10,0.000253055,3.73736e-07,-0.000679727,4.20804e-07,0.000679727,4.20804e-07,0.000359938,2.60938e-07,0.000359938,2.60938e-07,-1.37464e-06,5.6581e-10,3.85858e-07,1.58312e-10,-3.85858e-07,1.58312e-10,3.34061,10000000,1
