z2,<dsig|1;0>,err[1],<dsig|2;0>,err[2],<ALL|0;0>,err[3],<ALL|1;0>,err[4],<dsig|0;1>,err[5],<dsig|1;-1>,err[6],<dsig|1;1>,err[7],<dsig|2;1>,err[8],<dsig|2;-1>,err[9],<ALL|0;1>,err[10],<ALL|1;-1>,err[11],<ALL|1;1>,err[12],AUzi,err[13],AUcfqzi,err[14],AUc2fqzi,err[15],ALzi,err[16],ALcfqzi,err[17],BUcf12zi,err[18],BUcfqmf12zi,err[19],BUcfqpf12zi,err[20],BUc2fqmf12zi,err[21],BUc2fqpf12zi,err[22],BLcf12zi,err[23],BLcfqmf12zi,err[24],BLcfqpf12zi,err[25],time[s],neval,fail
0.1,0.19012,0.000149986,0.12395,0.000121802,-0.00183432,1.34366e-06,-0.00011879,7.72061e-08,0.00702423,1.09686e-05,-0.0188062,1.51196e-05,0.0188062,1.51196e-05,0.00995264,8.84393e-06,0.00995264,8.84393e-06,-3.82404e-05,2.50798e-08,1.06943e-05,7.0084e-09,-1.06943e-05,7.0084e-09,0.0137153,6.99187e-06,0.00130377,7.84957e-07,0.0017,1.42816e-06,-2.51583e-05,1.32335e-08,-8.14617e-07,3.28421e-10,0.000261538,3.86022e-07,-0.000700221,4.35314e-07,0.000700221,4.35314e-07,0.000370573,2.69712e-07,0.000370573,2.69712e-07,-1.42383e-06,5.87492e-10,3.98187e-07,1.63977e-10,-3.98187e-07,1.63977e-10,2.83677,10000000,1
0.15,0.19012,0.000149986,0.12395,0.000121802,-0.00183432,1.34366e-06,-0.00011879,7.72061e-08,0.00696876,1.08819e-05,-0.0186576,1.50002e-05,0.0186576,1.50002e-05,0.00987404,8.77408e-06,0.00987404,8.77408e-06,-3.79384e-05,2.48817e-08,1.06098e-05,6.95305e-09,-1.06098e-05,6.95305e-09,0.0137153,6.99187e-06,0.00130377,7.84957e-07,0.0017,1.42816e-06,-2.51583e-05,1.32335e-08,-8.14617e-07,3.28421e-10,0.000261538,3.86022e-07,-0.000700221,4.35314e-07,0.000700221,4.35314e-07,0.000370573,2.69712e-07,0.000370573,2.69712e-07,-1.42383e-06,5.87492e-10,3.98187e-07,1.63977e-10,-3.98187e-07,1.63977e-10,2.85406,10000000,1
0.2,0.19012,0.000149986,0.12395,0.000121802,-0.00183432,1.34366e-06,-0.00011879,7.72061e-08,0.00717754,1.12079e-05,-0.0192166,1.54496e-05,0.0192166,1.54496e-05,0.0101699,9.03694e-06,0.0101699,9.03694e-06,-3.9075e-05,2.56272e-08,1.09277e-05,7.16135e-09,-1.09277e-05,7.16135e-09,0.0137153,6.99187e-06,0.00130377,7.84957e-07,0.0017,1.42816e-06,-2.51583e-05,1.32335e-08,-8.14617e-07,3.28421e-10,0.000261538,3.86022e-07,-0.000700221,4.35314e-07,0.000700221,4.35314e-07,0.000370573,2.69712e-07,0.000370573,2.69712e-07,-1.42383e-06,5.87492e-10,3.98187e-07,1.63977e-10,-3.98187e-07,1.63977e-10,2.85151,10000000,1
0.25,0.19012,0.000149986,0.12395,0.000121802,-0.00183432,1.34366e-06,-0.00011879,7.72061e-08,0.00761097,1.18847e-05,-0.020377,1.63825e-05,0.020377,1.63825e-05,0.010784,9.58266e-06,0.010784,9.58266e-06,-4.14346e-05,2.71747e-08,1.15876e-05,7.5938e-09,-1.15876e-05,7.5938e-09,0.0137153,6.99187e-06,0.00130377,7.84957e-07,0.0017,1.42816e-06,-2.51583e-05,1.32335e-08,-8.14617e-07,3.28421e-10,0.000261538,3.86022e-07,-0.000700221,4.35314e-07,0.000700221,4.35314e-07,0.000370573,2.69712e-07,0.000370573,2.69712e-07,-1.42383e-06,5.87492e-10,3.98187e-07,1.63977e-10,-3.98187e-07,1.63977e-10,2.85183,10000000,1
0.3,0.19012,0.000149986,0.12395,0.000121802,-0.00183432,1.34366e-06,-0.00011879,7.72061e-08,0.00816154,1.27445e-05,-0.0218511,1.75677e-05,0.0218511,1.75677e-05,0.0115641,1.02759e-05,0.0115641,1.02759e-05,-4.4432e-05,2.91405e-08,1.24258e-05,8.14314e-09,-1.24258e-05,8.14314e-09,0.0137153,6.99187e-06,0.00130377,7.84957e-07,0.0017,1.42816e-06,-2.51583e-05,1.32335e-08,-8.14617e-07,3.28421e-10,0.000261538,3.86022e-07,-0.000700221,4.35314e-07,0.000700221,4.35314e-07,0.000370573,2.69712e-07,0.000370573,2.69712e-07,-1.42383e-06,5.87492e-10,3.98187e-07,1.63977e-10,-3.98187e-07,1.63977e-10,2.85323,10000000,1
0.35,0.19012,0.000149986,0.12395,0.000121802,-0.00183432,1.34366e-06,-0.00011879,7.72061e-08,0.00873761,1.3644e-05,-0.0233934,1.88076e-05,0.0233934,1.88076e-05,0.0123803,1.10012e-05,0.0123803,1.10012e-05,-4.75681e-05,3.11973e-08,1.33029e-05,8.71791e-09,-1.33029e-05,8.71791e-09,0.0137153,6.99187e-06,0.00130377,7.84957e-07,0.0017,1.42816e-06,-2.51583e-05,1.32335e-08,-8.14617e-07,3.28421e-10,0.000261538,3.86022e-07,-0.000700221,4.35314e-07,0.000700221,4.35314e-07,0.000370573,2.69712e-07,0.000370573,2.69712e-07,-1.42383e-06,5.87492e-10,3.98187e-07,1.63977e-10,-3.98187e-07,1.63977e-10,2.91378,10000000,1
0.4,0.19012,0.000149986,0.12395,0.000121802,-0.00183432,1.34366e-06,-0.00011879,7.72061e-08,0.00929549,1.45152e-05,-0.0248871,2.00085e-05,0.0248871,2.00085e-05,0.0131708,1.17036e-05,0.0131708,1.17036e-05,-5.06053e-05,3.31892e-08,1.41523e-05,9.27453e-09,-1.41523e-05,9.27453e-09,0.0137153,6.99187e-06,0.00130377,7.84957e-07,0.0017,1.42816e-06,-2.51583e-05,1.32335e-08,-8.14617e-07,3.28421e-10,0.000261538,3.86022e-07,-0.000700221,4.35314e-07,0.000700221,4.35314e-07,0.000370573,2.69712e-07,0.000370573,2.69712e-07,-1.42383e-06,5.87492e-10,3.98187e-07,1.63977e-10,-3.98187e-07,1.63977e-10,2.96524,10000000,1
0.45,0.19012,0.000149986,0.12395,0.000121802,-0.00183432,1.34366e-06,-0.00011879,7.72061e-08,0.00983253,1.53538e-05,-0.0263249,2.11645e-05,0.0263249,2.11645e-05,0.0139317,1.23797e-05,0.0139317,1.23797e-05,-5.3529e-05,3.51067e-08,1.49699e-05,9.81036e-09,-1.49699e-05,9.81036e-09,0.0137153,6.99187e-06,0.00130377,7.84957e-07,0.0017,1.42816e-06,-2.51583e-05,1.32335e-08,-8.14617e-07,3.28421e-10,0.000261538,3.86022e-07,-0.000700221,4.35314e-07,0.000700221,4.35314e-07,0.000370573,2.69712e-07,0.000370573,2.69712e-07,-1.42383e-06,5.87492e-10,3.98187e-07,1.63977e-10,-3.98187e-07,1.63977e-10,2.83631,10000000,1
0.5,0.19012,0.000149986,0.12395,0.000121802,-0.00183432,1.34366e-06,-0.00011879,7.72061e-08,0.0103672,1.61887e-05,-0.0277565,2.23154e-05,0.0277565,2.23154e-05,0.0146893,1.3053e-05,0.0146893,1.3053e-05,-5.64399e-05,3.70159e-08,1.5784e-05,1.03439e-08,-1.5784e-05,1.03439e-08,0.0137153,6.99187e-06,0.00130377,7.84957e-07,0.0017,1.42816e-06,-2.51583e-05,1.32335e-08,-8.14617e-07,3.28421e-10,0.000261538,3.86022e-07,-0.000700221,4.35314e-07,0.000700221,4.35314e-07,0.000370573,2.69712e-07,0.000370573,2.69712e-07,-1.42383e-06,5.87492e-10,3.98187e-07,1.63977e-10,-3.98187e-07,1.63977e-10,2.8874,10000000,1
0.55,0.19012,0.000149986,0.12395,0.000121802,-0.00183432,1.34366e-06,-0.00011879,7.72061e-08,0.0109095,1.70355e-05,-0.0292082,2.34826e-05,0.0292082,2.34826e-05,0.0154577,1.37357e-05,0.0154577,1.37357e-05,-5.9392e-05,3.8952e-08,1.66095e-05,1.08849e-08,-1.66095e-05,1.08849e-08,0.0137153,6.99187e-06,0.00130377,7.84957e-07,0.0017,1.42816e-06,-2.51583e-05,1.32335e-08,-8.14617e-07,3.28421e-10,0.000261538,3.86022e-07,-0.000700221,4.35314e-07,0.000700221,4.35314e-07,0.000370573,2.69712e-07,0.000370573,2.69712e-07,-1.42383e-06,5.87492e-10,3.98187e-07,1.63977e-10,-3.98187e-07,1.63977e-10,2.83271,10000000,1
0.6,0.19012,0.000149986,0.12395,0.000121802,-0.00183432,1.34366e-06,-0.00011879,7.72061e-08,0.01144,1.78639e-05,-0.0306287,2.46246e-05,0.0306287,2.46246e-05,0.0162094,1.44037e-05,0.0162094,1.44037e-05,-6.22803e-05,4.08462e-08,1.74173e-05,1.14142e-08,-1.74173e-05,1.14142e-08,0.0137153,6.99187e-06,0.00130377,7.84957e-07,0.0017,1.42816e-06,-2.51583e-05,1.32335e-08,-8.14617e-07,3.28421e-10,0.000261538,3.86022e-07,-0.000700221,4.35314e-07,0.000700221,4.35314e-07,0.000370573,2.69712e-07,0.000370573,2.69712e-07,-1.42383e-06,5.87492e-10,3.98187e-07,1.63977e-10,-3.98187e-07,1.63977e-10,2.85293,10000000,1
0.65,0.19012,0.000149986,0.12395,0.000121802,-0.00183432,1.34366e-06,-0.00011879,7.72061e-08,0.0119109,1.85992e-05,-0.0318893,2.56381e-05,0.0318893,2.56381e-05,0.0168765,1.49965e-05,0.0168765,1.49965e-05,-6.48436e-05,4.25274e-08,1.81341e-05,1.1884e-08,-1.81341e-05,1.1884e-08,0.0137153,6.99187e-06,0.00130377,7.84957e-07,0.0017,1.42816e-06,-2.51583e-05,1.32335e-08,-8.14617e-07,3.28421e-10,0.000261538,3.86022e-07,-0.000700221,4.35314e-07,0.000700221,4.35314e-07,0.000370573,2.69712e-07,0.000370573,2.69712e-07,-1.42383e-06,5.87492e-10,3.98187e-07,1.63977e-10,-3.98187e-07,1.63977e-10,2.82479,10000000,1
0.7,0.19012,0.000149986,0.12395,0.000121802,-0.00183432,1.34366e-06,-0.00011879,7.72061e-08,0.0122618,1.91472e-05,-0.0328289,2.63935e-05,0.0328289,2.63935e-05,0.0173738,1.54384e-05,0.0173738,1.54384e-05,-6.67542e-05,4.37804e-08,1.86685e-05,1.22342e-08,-1.86685e-05,1.22342e-08,0.0137153,6.99187e-06,0.00130377,7.84957e-07,0.0017,1.42816e-06,-2.51583e-05,1.32335e-08,-8.14617e-07,3.28421e-10,0.000261538,3.86022e-07,-0.000700221,4.35314e-07,0.000700221,4.35314e-07,0.000370573,2.69712e-07,0.000370573,2.69712e-07,-1.42383e-06,5.87492e-10,3.98187e-07,1.63977e-10,-3.98187e-07,1.63977e-10,3.08068,10000000,1
0.75,0.19012,0.000149986,0.12395,0.000121802,-0.00183432,1.34366e-06,-0.00011879,7.72061e-08,0.012439,1.94239e-05,-0.0333033,2.67749e-05,0.0333033,2.67749e-05,0.0176249,1.56615e-05,0.0176249,1.56615e-05,-6.77189e-05,4.44131e-08,1.89382e-05,1.2411e-08,-1.89382e-05,1.2411e-08,0.0137153,6.99187e-06,0.00130377,7.84957e-07,0.0017,1.42816e-06,-2.51583e-05,1.32335e-08,-8.14617e-07,3.28421e-10,0.000261538,3.86022e-07,-0.000700221,4.35314e-07,0.000700221,4.35314e-07,0.000370573,2.69712e-07,0.000370573,2.69712e-07,-1.42383e-06,5.87492e-10,3.98187e-07,1.63977e-10,-3.98187e-07,1.63977e-10,2.83144,10000000,1
0.8,0.19012,0.000149986,0.12395,0.000121802,-0.00183432,1.34366e-06,-0.00011879,7.72061e-08,0.0124151,1.93865e-05,-0.0332392,2.67234e-05,0.0332392,2.67234e-05,0.0175909,1.56313e-05,0.0175909,1.56313e-05,-6.75885e-05,4.43276e-08,1.89018e-05,1.23871e-08,-1.89018e-05,1.23871e-08,0.0137153,6.99187e-06,0.00130377,7.84957e-07,0.0017,1.42816e-06,-2.51583e-05,1.32335e-08,-8.14617e-07,3.28421e-10,0.000261538,3.86022e-07,-0.000700221,4.35314e-07,0.000700221,4.35314e-07,0.000370573,2.69712e-07,0.000370573,2.69712e-07,-1.42383e-06,5.87492e-10,3.98187e-07,1.63977e-10,-3.98187e-07,1.63977e-10,2.83831,10000000,1
