z2,<dsig|1;0>,err[1],<dsig|2;0>,err[2],<ALL|0;0>,err[3],<ALL|1;0>,err[4],<dsig|0;1>,err[5],<dsig|1;-1>,err[6],<dsig|1;1>,err[7],<dsig|2;1>,err[8],<dsig|2;-1>,err[9],<ALL|0;1>,err[10],<ALL|1;-1>,err[11],<ALL|1;1>,err[12],AUzi,err[13],AUcfqzi,err[14],AUc2fqzi,err[15],ALzi,err[16],ALcfqzi,err[17],BUcf12zi,err[18],BUcfqmf12zi,err[19],BUcfqpf12zi,err[20],BUc2fqmf12zi,err[21],BUc2fqpf12zi,err[22],BLcf12zi,err[23],BLcfqmf12zi,err[24],BLcfqpf12zi,err[25],time[s],neval,fail
,0.1,0.18758,0.000142889,0.0826304,8.02403e-05,-0.00151807,1.05327e-06,-6.82965e-05,4.19018e-08,0.022775,1.77854e-05,-0.0224329,1.81998e-05,0.0224329,1.81998e-05,0.00650482,5.69569e-06,0.00650482,5.69569e-06,-3.63765e-05,2.25582e-08,6.82458e-06,4.31691e-09,-6.82458e-06,4.31691e-09,0.0434033,2.13836e-05,0.0040708,2.36503e-06,0.00358643,3.00118e-06,-6.58893e-05,3.2189e-08,-1.48215e-06,5.41929e-10,0.00250361,1.51692e-06,-0.002466,1.58954e-06,0.002466,1.58954e-06,0.000715063,5.17602e-07,0.000715063,5.17602e-07,-3.9988e-06,1.50599e-09,7.50213e-07,2.97635e-10,-7.50213e-07,2.97635e-10,2.85017,10000000,1
,0.15,0.18758,0.000142889,0.0826304,8.02403e-05,-0.00151807,1.05327e-06,-6.82965e-05,4.19018e-08,0.0225674,1.76233e-05,-0.0222284,1.80339e-05,0.0222284,1.80339e-05,0.00644552,5.64376e-06,0.00644552,5.64376e-06,-3.60449e-05,2.23525e-08,6.76236e-06,4.27756e-09,-6.76236e-06,4.27756e-09,0.0434033,2.13836e-05,0.0040708,2.36503e-06,0.00358643,3.00118e-06,-6.58893e-05,3.2189e-08,-1.48215e-06,5.41929e-10,0.00250361,1.51692e-06,-0.002466,1.58954e-06,0.002466,1.58954e-06,0.000715063,5.17602e-07,0.000715063,5.17602e-07,-3.9988e-06,1.50599e-09,7.50213e-07,2.97635e-10,-7.50213e-07,2.97635e-10,2.89468,10000000,1
,0.2,0.18758,0.000142889,0.0826304,8.02403e-05,-0.00151807,1.05327e-06,-6.82965e-05,4.19018e-08,0.023218,1.81314e-05,-0.0228692,1.85538e-05,0.0228692,1.85538e-05,0.00663135,5.80648e-06,0.00663135,5.80648e-06,-3.70841e-05,2.2997e-08,6.95733e-06,4.40088e-09,-6.95733e-06,4.40088e-09,0.0434033,2.13836e-05,0.0040708,2.36503e-06,0.00358643,3.00118e-06,-6.58893e-05,3.2189e-08,-1.48215e-06,5.41929e-10,0.00250361,1.51692e-06,-0.002466,1.58954e-06,0.002466,1.58954e-06,0.000715063,5.17602e-07,0.000715063,5.17602e-07,-3.9988e-06,1.50599e-09,7.50213e-07,2.97635e-10,-7.50213e-07,2.97635e-10,2.87293,10000000,1
,0.25,0.18758,0.000142889,0.0826304,8.02403e-05,-0.00151807,1.05327e-06,-6.82965e-05,4.19018e-08,0.0245634,1.9182e-05,-0.0241945,1.9629e-05,0.0241945,1.9629e-05,0.00701563,6.14295e-06,0.00701563,6.14295e-06,-3.92331e-05,2.43296e-08,7.36049e-06,4.65591e-09,-7.36049e-06,4.65591e-09,0.0434033,2.13836e-05,0.0040708,2.36503e-06,0.00358643,3.00118e-06,-6.58893e-05,3.2189e-08,-1.48215e-06,5.41929e-10,0.00250361,1.51692e-06,-0.002466,1.58954e-06,0.002466,1.58954e-06,0.000715063,5.17602e-07,0.000715063,5.17602e-07,-3.9988e-06,1.50599e-09,7.50213e-07,2.97635e-10,-7.50213e-07,2.97635e-10,2.87443,10000000,1
,0.3,0.18758,0.000142889,0.0826304,8.02403e-05,-0.00151807,1.05327e-06,-6.82965e-05,4.19018e-08,0.0263228,2.0556e-05,-0.0259274,2.10349e-05,0.0259274,2.10349e-05,0.00751813,6.58295e-06,0.00751813,6.58295e-06,-4.20432e-05,2.60722e-08,7.88769e-06,4.98939e-09,-7.88769e-06,4.98939e-09,0.0434033,2.13836e-05,0.0040708,2.36503e-06,0.00358643,3.00118e-06,-6.58893e-05,3.2189e-08,-1.48215e-06,5.41929e-10,0.00250361,1.51692e-06,-0.002466,1.58954e-06,0.002466,1.58954e-06,0.000715063,5.17602e-07,0.000715063,5.17602e-07,-3.9988e-06,1.50599e-09,7.50213e-07,2.97635e-10,-7.50213e-07,2.97635e-10,3.13946,10000000,1
,0.35,0.18758,0.000142889,0.0826304,8.02403e-05,-0.00151807,1.05327e-06,-6.82965e-05,4.19018e-08,0.0282528,2.20632e-05,-0.0278285,2.25773e-05,0.0278285,2.25773e-05,0.00806937,7.06562e-06,0.00806937,7.06562e-06,-4.51258e-05,2.79839e-08,8.46603e-06,5.35522e-09,-8.46603e-06,5.35522e-09,0.0434033,2.13836e-05,0.0040708,2.36503e-06,0.00358643,3.00118e-06,-6.58893e-05,3.2189e-08,-1.48215e-06,5.41929e-10,0.00250361,1.51692e-06,-0.002466,1.58954e-06,0.002466,1.58954e-06,0.000715063,5.17602e-07,0.000715063,5.17602e-07,-3.9988e-06,1.50599e-09,7.50213e-07,2.97635e-10,-7.50213e-07,2.97635e-10,3.30866,10000000,1
,0.4,0.18758,0.000142889,0.0826304,8.02403e-05,-0.00151807,1.05327e-06,-6.82965e-05,4.19018e-08,0.0302137,2.35945e-05,-0.0297599,2.41442e-05,0.0297599,2.41442e-05,0.00862943,7.55601e-06,0.00862943,7.55601e-06,-4.82578e-05,2.99261e-08,9.05362e-06,5.7269e-09,-9.05362e-06,5.7269e-09,0.0434033,2.13836e-05,0.0040708,2.36503e-06,0.00358643,3.00118e-06,-6.58893e-05,3.2189e-08,-1.48215e-06,5.41929e-10,0.00250361,1.51692e-06,-0.002466,1.58954e-06,0.002466,1.58954e-06,0.000715063,5.17602e-07,0.000715063,5.17602e-07,-3.9988e-06,1.50599e-09,7.50213e-07,2.97635e-10,-7.50213e-07,2.97635e-10,3.55675,10000000,1
,0.45,0.18758,0.000142889,0.0826304,8.02403e-05,-0.00151807,1.05327e-06,-6.82965e-05,4.19018e-08,0.0321727,2.51243e-05,-0.0316895,2.57097e-05,0.0316895,2.57097e-05,0.00918893,8.04592e-06,0.00918893,8.04592e-06,-5.13867e-05,3.18664e-08,9.64063e-06,6.09821e-09,-9.64063e-06,6.09821e-09,0.0434033,2.13836e-05,0.0040708,2.36503e-06,0.00358643,3.00118e-06,-6.58893e-05,3.2189e-08,-1.48215e-06,5.41929e-10,0.00250361,1.51692e-06,-0.002466,1.58954e-06,0.002466,1.58954e-06,0.000715063,5.17602e-07,0.000715063,5.17602e-07,-3.9988e-06,1.50599e-09,7.50213e-07,2.97635e-10,-7.50213e-07,2.97635e-10,3.76835,10000000,1
,0.5,0.18758,0.000142889,0.0826304,8.02403e-05,-0.00151807,1.05327e-06,-6.82965e-05,4.19018e-08,0.0341811,2.66926e-05,-0.0336676,2.73146e-05,0.0336676,2.73146e-05,0.00976255,8.54818e-06,0.00976255,8.54818e-06,-5.45945e-05,3.38557e-08,1.02424e-05,6.47889e-09,-1.02424e-05,6.47889e-09,0.0434033,2.13836e-05,0.0040708,2.36503e-06,0.00358643,3.00118e-06,-6.58893e-05,3.2189e-08,-1.48215e-06,5.41929e-10,0.00250361,1.51692e-06,-0.002466,1.58954e-06,0.002466,1.58954e-06,0.000715063,5.17602e-07,0.000715063,5.17602e-07,-3.9988e-06,1.50599e-09,7.50213e-07,2.97635e-10,-7.50213e-07,2.97635e-10,4.02497,10000000,1
,0.55,0.18758,0.000142889,0.0826304,8.02403e-05,-0.00151807,1.05327e-06,-6.82965e-05,4.19018e-08,0.0363052,2.83514e-05,-0.0357599,2.9012e-05,0.0357599,2.9012e-05,0.0103692,9.07939e-06,0.0103692,9.07939e-06,-5.79872e-05,3.59596e-08,1.08789e-05,6.88151e-09,-1.08789e-05,6.88151e-09,0.0434033,2.13836e-05,0.0040708,2.36503e-06,0.00358643,3.00118e-06,-6.58893e-05,3.2189e-08,-1.48215e-06,5.41929e-10,0.00250361,1.51692e-06,-0.002466,1.58954e-06,0.002466,1.58954e-06,0.000715063,5.17602e-07,0.000715063,5.17602e-07,-3.9988e-06,1.50599e-09,7.50213e-07,2.97635e-10,-7.50213e-07,2.97635e-10,4.11971,10000000,1
,0.6,0.18758,0.000142889,0.0826304,8.02403e-05,-0.00151807,1.05327e-06,-6.82965e-05,4.19018e-08,0.0385532,3.01069e-05,-0.0379741,3.08085e-05,0.0379741,3.08085e-05,0.0110113,9.6416e-06,0.0110113,9.6416e-06,-6.15778e-05,3.81862e-08,1.15526e-05,7.30762e-09,-1.15526e-05,7.30762e-09,0.0434033,2.13836e-05,0.0040708,2.36503e-06,0.00358643,3.00118e-06,-6.58893e-05,3.2189e-08,-1.48215e-06,5.41929e-10,0.00250361,1.51692e-06,-0.002466,1.58954e-06,0.002466,1.58954e-06,0.000715063,5.17602e-07,0.000715063,5.17602e-07,-3.9988e-06,1.50599e-09,7.50213e-07,2.97635e-10,-7.50213e-07,2.97635e-10,2.95652,10000000,1
,0.65,0.18758,0.000142889,0.0826304,8.02403e-05,-0.00151807,1.05327e-06,-6.82965e-05,4.19018e-08,0.0408486,3.18994e-05,-0.040235,3.26427e-05,0.040235,3.26427e-05,0.0116669,1.02156e-05,0.0116669,1.02156e-05,-6.52439e-05,4.04597e-08,1.22404e-05,7.7427e-09,-1.22404e-05,7.7427e-09,0.0434033,2.13836e-05,0.0040708,2.36503e-06,0.00358643,3.00118e-06,-6.58893e-05,3.2189e-08,-1.48215e-06,5.41929e-10,0.00250361,1.51692e-06,-0.002466,1.58954e-06,0.002466,1.58954e-06,0.000715063,5.17602e-07,0.000715063,5.17602e-07,-3.9988e-06,1.50599e-09,7.50213e-07,2.97635e-10,-7.50213e-07,2.97635e-10,4.11176,10000000,1
,0.7,0.18758,0.000142889,0.0826304,8.02403e-05,-0.00151807,1.05327e-06,-6.82965e-05,4.19018e-08,0.0430589,3.36255e-05,-0.0424122,3.4409e-05,0.0424122,3.4409e-05,0.0122982,1.07684e-05,0.0122982,1.07684e-05,-6.87744e-05,4.26491e-08,1.29027e-05,8.16166e-09,-1.29027e-05,8.16166e-09,0.0434033,2.13836e-05,0.0040708,2.36503e-06,0.00358643,3.00118e-06,-6.58893e-05,3.2189e-08,-1.48215e-06,5.41929e-10,0.00250361,1.51692e-06,-0.002466,1.58954e-06,0.002466,1.58954e-06,0.000715063,5.17602e-07,0.000715063,5.17602e-07,-3.9988e-06,1.50599e-09,7.50213e-07,2.97635e-10,-7.50213e-07,2.97635e-10,3.82662,10000000,1
,0.75,0.18758,0.000142889,0.0826304,8.02403e-05,-0.00151807,1.05327e-06,-6.82965e-05,4.19018e-08,0.0449837,3.51287e-05,-0.0443081,3.59472e-05,0.0443081,3.59472e-05,0.0128479,1.12498e-05,0.0128479,1.12498e-05,-7.18487e-05,4.45555e-08,1.34795e-05,8.5265e-09,-1.34795e-05,8.5265e-09,0.0434033,2.13836e-05,0.0040708,2.36503e-06,0.00358643,3.00118e-06,-6.58893e-05,3.2189e-08,-1.48215e-06,5.41929e-10,0.00250361,1.51692e-06,-0.002466,1.58954e-06,0.002466,1.58954e-06,0.000715063,5.17602e-07,0.000715063,5.17602e-07,-3.9988e-06,1.50599e-09,7.50213e-07,2.97635e-10,-7.50213e-07,2.97635e-10,3.79442,10000000,1
,0.8,0.18758,0.000142889,0.0826304,8.02403e-05,-0.00151807,1.05327e-06,-6.82965e-05,4.19018e-08,0.046354,3.61987e-05,-0.0456577,3.70422e-05,0.0456577,3.70422e-05,0.0132393,1.15925e-05,0.0132393,1.15925e-05,-7.40372e-05,4.59127e-08,1.38901e-05,8.78622e-09,-1.38901e-05,8.78622e-09,0.0434033,2.13836e-05,0.0040708,2.36503e-06,0.00358643,3.00118e-06,-6.58893e-05,3.2189e-08,-1.48215e-06,5.41929e-10,0.00250361,1.51692e-06,-0.002466,1.58954e-06,0.002466,1.58954e-06,0.000715063,5.17602e-07,0.000715063,5.17602e-07,-3.9988e-06,1.50599e-09,7.50213e-07,2.97635e-10,-7.50213e-07,2.97635e-10,3.90408,10000000,1
