z2,<dsig|1;0>,err[1],<dsig|2;0>,err[2],<ALL|0;0>,err[3],<ALL|1;0>,err[4],<dsig|0;1>,err[5],<dsig|1;-1>,err[6],<dsig|1;1>,err[7],<dsig|2;1>,err[8],<dsig|2;-1>,err[9],<ALL|0;1>,err[10],<ALL|1;-1>,err[11],<ALL|1;1>,err[12],AUzi,err[13],AUcfqzi,err[14],AUc2fqzi,err[15],ALzi,err[16],ALcfqzi,err[17],BUcf12zi,err[18],BUcfqmf12zi,err[19],BUcfqpf12zi,err[20],BUc2fqmf12zi,err[21],BUc2fqpf12zi,err[22],BLcf12zi,err[23],BLcfqmf12zi,err[24],BLcfqpf12zi,err[25],time[s],neval,fail
0.1,0.187489,0.000145359,0.0824941,7.9764e-05,-0.00152886,1.07313e-06,-6.84304e-05,4.25613e-08,0.00715924,5.66077e-06,-0.00704457,5.76046e-06,0.00704457,5.76046e-06,0.00204206,1.79653e-06,0.00204206,1.79653e-06,-1.14889e-05,7.20977e-09,2.14781e-06,1.36962e-09,-2.14781e-06,1.36962e-09,0.0447094,2.22116e-05,0.00419127,2.49467e-06,0.00368826,3.05947e-06,-6.83543e-05,3.38939e-08,-1.52974e-06,5.7244e-10,0.00257912,1.5865e-06,-0.00253781,1.64831e-06,0.00253781,1.64831e-06,0.000735653,5.34135e-07,0.000735653,5.34135e-07,-4.13889e-06,1.58686e-09,7.73749e-07,3.09336e-10,-7.73749e-07,3.09336e-10,2.81187,10000000,1
0.15,0.187489,0.000145359,0.0824941,7.9764e-05,-0.00152886,1.07313e-06,-6.84304e-05,4.25613e-08,0.00708793,5.60439e-06,-0.00697441,5.70309e-06,0.00697441,5.70309e-06,0.00202172,1.77864e-06,0.00202172,1.77864e-06,-1.13745e-05,7.13796e-09,2.12642e-06,1.35598e-09,-2.12642e-06,1.35598e-09,0.0447094,2.22116e-05,0.00419127,2.49467e-06,0.00368826,3.05947e-06,-6.83543e-05,3.38939e-08,-1.52974e-06,5.7244e-10,0.00257912,1.5865e-06,-0.00253781,1.64831e-06,0.00253781,1.64831e-06,0.000735653,5.34135e-07,0.000735653,5.34135e-07,-4.13889e-06,1.58686e-09,7.73749e-07,3.09336e-10,-7.73749e-07,3.09336e-10,2.80365,10000000,1
0.2,0.187489,0.000145359,0.0824941,7.9764e-05,-0.00152886,1.07313e-06,-6.84304e-05,4.25613e-08,0.00726187,5.74192e-06,-0.00714556,5.84304e-06,0.00714556,5.84304e-06,0.00207133,1.82229e-06,0.00207133,1.82229e-06,-1.16536e-05,7.31313e-09,2.1786e-06,1.38926e-09,-2.1786e-06,1.38926e-09,0.0447094,2.22116e-05,0.00419127,2.49467e-06,0.00368826,3.05947e-06,-6.83543e-05,3.38939e-08,-1.52974e-06,5.7244e-10,0.00257912,1.5865e-06,-0.00253781,1.64831e-06,0.00253781,1.64831e-06,0.000735653,5.34135e-07,0.000735653,5.34135e-07,-4.13889e-06,1.58686e-09,7.73749e-07,3.09336e-10,-7.73749e-07,3.09336e-10,2.79798,10000000,1
0.25,0.187489,0.000145359,0.0824941,7.9764e-05,-0.00152886,1.07313e-06,-6.84304e-05,4.25613e-08,0.00763791,6.03925e-06,-0.00751558,6.14561e-06,0.00751558,6.14561e-06,0.00217859,1.91665e-06,0.00217859,1.91665e-06,-1.22571e-05,7.69182e-09,2.29141e-06,1.4612e-09,-2.29141e-06,1.4612e-09,0.0447094,2.22116e-05,0.00419127,2.49467e-06,0.00368826,3.05947e-06,-6.83543e-05,3.38939e-08,-1.52974e-06,5.7244e-10,0.00257912,1.5865e-06,-0.00253781,1.64831e-06,0.00253781,1.64831e-06,0.000735653,5.34135e-07,0.000735653,5.34135e-07,-4.13889e-06,1.58686e-09,7.73749e-07,3.09336e-10,-7.73749e-07,3.09336e-10,2.80942,10000000,1
0.3,0.187489,0.000145359,0.0824941,7.9764e-05,-0.00152886,1.07313e-06,-6.84304e-05,4.25613e-08,0.00809916,6.40396e-06,-0.00796944,6.51674e-06,0.00796944,6.51674e-06,0.00231016,2.0324e-06,0.00231016,2.0324e-06,-1.29973e-05,8.15633e-09,2.42979e-06,1.54944e-09,-2.42979e-06,1.54944e-09,0.0447094,2.22116e-05,0.00419127,2.49467e-06,0.00368826,3.05947e-06,-6.83543e-05,3.38939e-08,-1.52974e-06,5.7244e-10,0.00257912,1.5865e-06,-0.00253781,1.64831e-06,0.00253781,1.64831e-06,0.000735653,5.34135e-07,0.000735653,5.34135e-07,-4.13889e-06,1.58686e-09,7.73749e-07,3.09336e-10,-7.73749e-07,3.09336e-10,2.81011,10000000,1
0.35,0.187489,0.000145359,0.0824941,7.9764e-05,-0.00152886,1.07313e-06,-6.84304e-05,4.25613e-08,0.00855785,6.76664e-06,-0.00842078,6.88581e-06,0.00842078,6.88581e-06,0.00244099,2.1475e-06,0.00244099,2.1475e-06,-1.37334e-05,8.61825e-09,2.5674e-06,1.63719e-09,-2.5674e-06,1.63719e-09,0.0447094,2.22116e-05,0.00419127,2.49467e-06,0.00368826,3.05947e-06,-6.83543e-05,3.38939e-08,-1.52974e-06,5.7244e-10,0.00257912,1.5865e-06,-0.00253781,1.64831e-06,0.00253781,1.64831e-06,0.000735653,5.34135e-07,0.000735653,5.34135e-07,-4.13889e-06,1.58686e-09,7.73749e-07,3.09336e-10,-7.73749e-07,3.09336e-10,2.81234,10000000,1
0.4,0.187489,0.000145359,0.0824941,7.9764e-05,-0.00152886,1.07313e-06,-6.84304e-05,4.25613e-08,0.00898854,7.10719e-06,-0.00884457,7.23235e-06,0.00884457,7.23235e-06,0.00256384,2.25558e-06,0.00256384,2.25558e-06,-1.44246e-05,9.05199e-09,2.69661e-06,1.71958e-09,-2.69661e-06,1.71958e-09,0.0447094,2.22116e-05,0.00419127,2.49467e-06,0.00368826,3.05947e-06,-6.83543e-05,3.38939e-08,-1.52974e-06,5.7244e-10,0.00257912,1.5865e-06,-0.00253781,1.64831e-06,0.00253781,1.64831e-06,0.000735653,5.34135e-07,0.000735653,5.34135e-07,-4.13889e-06,1.58686e-09,7.73749e-07,3.09336e-10,-7.73749e-07,3.09336e-10,2.82079,10000000,1
0.45,0.187489,0.000145359,0.0824941,7.9764e-05,-0.00152886,1.07313e-06,-6.84304e-05,4.25613e-08,0.00940418,7.43583e-06,-0.00925356,7.56678e-06,0.00925356,7.56678e-06,0.00268239,2.35988e-06,0.00268239,2.35988e-06,-1.50916e-05,9.47056e-09,2.8213e-06,1.7991e-09,-2.8213e-06,1.7991e-09,0.0447094,2.22116e-05,0.00419127,2.49467e-06,0.00368826,3.05947e-06,-6.83543e-05,3.38939e-08,-1.52974e-06,5.7244e-10,0.00257912,1.5865e-06,-0.00253781,1.64831e-06,0.00253781,1.64831e-06,0.000735653,5.34135e-07,0.000735653,5.34135e-07,-4.13889e-06,1.58686e-09,7.73749e-07,3.09336e-10,-7.73749e-07,3.09336e-10,2.81736,10000000,1
0.5,0.187489,0.000145359,0.0824941,7.9764e-05,-0.00152886,1.07313e-06,-6.84304e-05,4.25613e-08,0.00981941,7.76415e-06,-0.00966213,7.90088e-06,0.00966213,7.90088e-06,0.00280083,2.46407e-06,0.00280083,2.46407e-06,-1.57579e-05,9.88872e-09,2.94587e-06,1.87854e-09,-2.94587e-06,1.87854e-09,0.0447094,2.22116e-05,0.00419127,2.49467e-06,0.00368826,3.05947e-06,-6.83543e-05,3.38939e-08,-1.52974e-06,5.7244e-10,0.00257912,1.5865e-06,-0.00253781,1.64831e-06,0.00253781,1.64831e-06,0.000735653,5.34135e-07,0.000735653,5.34135e-07,-4.13889e-06,1.58686e-09,7.73749e-07,3.09336e-10,-7.73749e-07,3.09336e-10,2.8171,10000000,1
0.55,0.187489,0.000145359,0.0824941,7.9764e-05,-0.00152886,1.07313e-06,-6.84304e-05,4.25613e-08,0.0102185,8.07974e-06,-0.0100549,8.22203e-06,0.0100549,8.22203e-06,0.00291468,2.56423e-06,0.00291468,2.56423e-06,-1.63984e-05,1.02907e-08,3.06561e-06,1.95489e-09,-3.06561e-06,1.95489e-09,0.0447094,2.22116e-05,0.00419127,2.49467e-06,0.00368826,3.05947e-06,-6.83543e-05,3.38939e-08,-1.52974e-06,5.7244e-10,0.00257912,1.5865e-06,-0.00253781,1.64831e-06,0.00253781,1.64831e-06,0.000735653,5.34135e-07,0.000735653,5.34135e-07,-4.13889e-06,1.58686e-09,7.73749e-07,3.09336e-10,-7.73749e-07,3.09336e-10,2.82357,10000000,1
0.6,0.187489,0.000145359,0.0824941,7.9764e-05,-0.00152886,1.07313e-06,-6.84304e-05,4.25613e-08,0.0105458,8.3385e-06,-0.0103769,8.48535e-06,0.0103769,8.48535e-06,0.00300802,2.64635e-06,0.00300802,2.64635e-06,-1.69236e-05,1.06202e-08,3.16379e-06,2.0175e-09,-3.16379e-06,2.0175e-09,0.0447094,2.22116e-05,0.00419127,2.49467e-06,0.00368826,3.05947e-06,-6.83543e-05,3.38939e-08,-1.52974e-06,5.7244e-10,0.00257912,1.5865e-06,-0.00253781,1.64831e-06,0.00253781,1.64831e-06,0.000735653,5.34135e-07,0.000735653,5.34135e-07,-4.13889e-06,1.58686e-09,7.73749e-07,3.09336e-10,-7.73749e-07,3.09336e-10,2.82636,10000000,1
0.65,0.187489,0.000145359,0.0824941,7.9764e-05,-0.00152886,1.07313e-06,-6.84304e-05,4.25613e-08,0.0107322,8.48588e-06,-0.0105603,8.63533e-06,0.0105603,8.63533e-06,0.00306119,2.69313e-06,0.00306119,2.69313e-06,-1.72227e-05,1.08079e-08,3.21971e-06,2.05316e-09,-3.21971e-06,2.05316e-09,0.0447094,2.22116e-05,0.00419127,2.49467e-06,0.00368826,3.05947e-06,-6.83543e-05,3.38939e-08,-1.52974e-06,5.7244e-10,0.00257912,1.5865e-06,-0.00253781,1.64831e-06,0.00253781,1.64831e-06,0.000735653,5.34135e-07,0.000735653,5.34135e-07,-4.13889e-06,1.58686e-09,7.73749e-07,3.09336e-10,-7.73749e-07,3.09336e-10,2.82074,10000000,1
0.7,0.187489,0.000145359,0.0824941,7.9764e-05,-0.00152886,1.07313e-06,-6.84304e-05,4.25613e-08,0.010718,8.47468e-06,-0.0105464,8.62392e-06,0.0105464,8.62392e-06,0.00305715,2.68957e-06,0.00305715,2.68957e-06,-1.72e-05,1.07937e-08,3.21546e-06,2.05045e-09,-3.21546e-06,2.05045e-09,0.0447094,2.22116e-05,0.00419127,2.49467e-06,0.00368826,3.05947e-06,-6.83543e-05,3.38939e-08,-1.52974e-06,5.7244e-10,0.00257912,1.5865e-06,-0.00253781,1.64831e-06,0.00253781,1.64831e-06,0.000735653,5.34135e-07,0.000735653,5.34135e-07,-4.13889e-06,1.58686e-09,7.73749e-07,3.09336e-10,-7.73749e-07,3.09336e-10,2.83342,10000000,1
0.75,0.187489,0.000145359,0.0824941,7.9764e-05,-0.00152886,1.07313e-06,-6.84304e-05,4.25613e-08,0.0104871,8.29209e-06,-0.0103191,8.43812e-06,0.0103191,8.43812e-06,0.00299128,2.63162e-06,0.00299128,2.63162e-06,-1.68294e-05,1.05611e-08,3.14618e-06,2.00627e-09,-3.14618e-06,2.00627e-09,0.0447094,2.22116e-05,0.00419127,2.49467e-06,0.00368826,3.05947e-06,-6.83543e-05,3.38939e-08,-1.52974e-06,5.7244e-10,0.00257912,1.5865e-06,-0.00253781,1.64831e-06,0.00253781,1.64831e-06,0.000735653,5.34135e-07,0.000735653,5.34135e-07,-4.13889e-06,1.58686e-09,7.73749e-07,3.09336e-10,-7.73749e-07,3.09336e-10,2.83001,10000000,1
0.8,0.187489,0.000145359,0.0824941,7.9764e-05,-0.00152886,1.07313e-06,-6.84304e-05,4.25613e-08,0.0100777,7.96835e-06,-0.00991625,8.10868e-06,0.00991625,8.10868e-06,0.0028745,2.52888e-06,0.0028745,2.52888e-06,-1.61723e-05,1.01488e-08,3.02335e-06,1.92794e-09,-3.02335e-06,1.92794e-09,0.0447094,2.22116e-05,0.00419127,2.49467e-06,0.00368826,3.05947e-06,-6.83543e-05,3.38939e-08,-1.52974e-06,5.7244e-10,0.00257912,1.5865e-06,-0.00253781,1.64831e-06,0.00253781,1.64831e-06,0.000735653,5.34135e-07,0.000735653,5.34135e-07,-4.13889e-06,1.58686e-09,7.73749e-07,3.09336e-10,-7.73749e-07,3.09336e-10,2.86808,10000000,1
