z2,<dsig|1;0>,err[1],<dsig|2;0>,err[2],<ALL|0;0>,err[3],<ALL|1;0>,err[4],<dsig|0;1>,err[5],<dsig|1;-1>,err[6],<dsig|1;1>,err[7],<dsig|2;1>,err[8],<dsig|2;-1>,err[9],<ALL|0;1>,err[10],<ALL|1;-1>,err[11],<ALL|1;1>,err[12],AUzi,err[13],AUcfqzi,err[14],AUc2fqzi,err[15],ALzi,err[16],ALcfqzi,err[17],BUcf12zi,err[18],BUcfqmf12zi,err[19],BUcfqpf12zi,err[20],BUc2fqmf12zi,err[21],BUc2fqpf12zi,err[22],BLcf12zi,err[23],BLcfqmf12zi,err[24],BLcfqpf12zi,err[25],time[s],neval,fail
0.1,-0.00648573,8.51395e-05,0.0855617,5.28816e-05,-0.0227425,1.75761e-05,-0.004558,2.31558e-06,0.000846678,6.41742e-06,0.000949714,6.41274e-06,-0.000949714,6.41274e-06,0.0176678,1.05914e-05,0.0176678,1.05914e-05,-0.000245838,2.17949e-07,0.000323628,1.63924e-07,-0.000323628,1.63924e-07,2.30731e-06,8.80871e-10,-7.4823e-09,9.81802e-11,1.97418e-07,9.59533e-11,-5.2474e-08,3.52599e-11,-5.25836e-09,1.76245e-12,5.606e-09,4.24369e-11,6.28822e-09,4.23919e-11,-6.28822e-09,4.23919e-11,1.16982e-07,5.40672e-11,1.16982e-07,5.40672e-11,-1.62774e-09,1.30242e-12,2.1428e-09,7.13299e-13,-2.1428e-09,7.13299e-13,2.79922,10000000,1
0.15,-0.00648573,8.51395e-05,0.0855617,5.28816e-05,-0.0227425,1.75761e-05,-0.004558,2.31558e-06,0.000866348,6.56652e-06,0.000971778,6.56172e-06,-0.000971778,6.56172e-06,0.0180783,1.08374e-05,0.0180783,1.08374e-05,-0.00025155,2.23013e-07,0.000331147,1.67732e-07,-0.000331147,1.67732e-07,2.30731e-06,8.80871e-10,-7.4823e-09,9.81802e-11,1.97418e-07,9.59533e-11,-5.2474e-08,3.52599e-11,-5.25836e-09,1.76245e-12,5.606e-09,4.24369e-11,6.28822e-09,4.23919e-11,-6.28822e-09,4.23919e-11,1.16982e-07,5.40672e-11,1.16982e-07,5.40672e-11,-1.62774e-09,1.30242e-12,2.1428e-09,7.13299e-13,-2.1428e-09,7.13299e-13,2.78774,10000000,1
0.2,-0.00648573,8.51395e-05,0.0855617,5.28816e-05,-0.0227425,1.75761e-05,-0.004558,2.31558e-06,0.00090929,6.89199e-06,0.00101995,6.88696e-06,-0.00101995,6.88696e-06,0.0189743,1.13746e-05,0.0189743,1.13746e-05,-0.000264018,2.34067e-07,0.000347561,1.76046e-07,-0.000347561,1.76046e-07,2.30731e-06,8.80871e-10,-7.4823e-09,9.81802e-11,1.97418e-07,9.59533e-11,-5.2474e-08,3.52599e-11,-5.25836e-09,1.76245e-12,5.606e-09,4.24369e-11,6.28822e-09,4.23919e-11,-6.28822e-09,4.23919e-11,1.16982e-07,5.40672e-11,1.16982e-07,5.40672e-11,-1.62774e-09,1.30242e-12,2.1428e-09,7.13299e-13,-2.1428e-09,7.13299e-13,2.82451,10000000,1
0.25,-0.00648573,8.51395e-05,0.0855617,5.28816e-05,-0.0227425,1.75761e-05,-0.004558,2.31558e-06,0.000970783,7.35808e-06,0.00108892,7.3527e-06,-0.00108892,7.3527e-06,0.0202575,1.21438e-05,0.0202575,1.21438e-05,-0.000281873,2.49896e-07,0.000371065,1.87952e-07,-0.000371065,1.87952e-07,2.30731e-06,8.80871e-10,-7.4823e-09,9.81802e-11,1.97418e-07,9.59533e-11,-5.2474e-08,3.52599e-11,-5.25836e-09,1.76245e-12,5.606e-09,4.24369e-11,6.28822e-09,4.23919e-11,-6.28822e-09,4.23919e-11,1.16982e-07,5.40672e-11,1.16982e-07,5.40672e-11,-1.62774e-09,1.30242e-12,2.1428e-09,7.13299e-13,-2.1428e-09,7.13299e-13,3.10606,10000000,1
0.3,-0.00648573,8.51395e-05,0.0855617,5.28816e-05,-0.0227425,1.75761e-05,-0.004558,2.31558e-06,0.00104141,7.89339e-06,0.00116814,7.88763e-06,-0.00116814,7.88763e-06,0.0217313,1.30273e-05,0.0217313,1.30273e-05,-0.00030238,2.68076e-07,0.000398061,2.01625e-07,-0.000398061,2.01625e-07,2.30731e-06,8.80871e-10,-7.4823e-09,9.81802e-11,1.97418e-07,9.59533e-11,-5.2474e-08,3.52599e-11,-5.25836e-09,1.76245e-12,5.606e-09,4.24369e-11,6.28822e-09,4.23919e-11,-6.28822e-09,4.23919e-11,1.16982e-07,5.40672e-11,1.16982e-07,5.40672e-11,-1.62774e-09,1.30242e-12,2.1428e-09,7.13299e-13,-2.1428e-09,7.13299e-13,3.19942,10000000,1
0.35,-0.00648573,8.51395e-05,0.0855617,5.28816e-05,-0.0227425,1.75761e-05,-0.004558,2.31558e-06,0.00111399,8.44353e-06,0.00124956,8.43736e-06,-0.00124956,8.43736e-06,0.0232459,1.39352e-05,0.0232459,1.39352e-05,-0.000323454,2.8676e-07,0.000425804,2.15678e-07,-0.000425804,2.15678e-07,2.30731e-06,8.80871e-10,-7.4823e-09,9.81802e-11,1.97418e-07,9.59533e-11,-5.2474e-08,3.52599e-11,-5.25836e-09,1.76245e-12,5.606e-09,4.24369e-11,6.28822e-09,4.23919e-11,-6.28822e-09,4.23919e-11,1.16982e-07,5.40672e-11,1.16982e-07,5.40672e-11,-1.62774e-09,1.30242e-12,2.1428e-09,7.13299e-13,-2.1428e-09,7.13299e-13,3.08241,10000000,1
0.4,-0.00648573,8.51395e-05,0.0855617,5.28816e-05,-0.0227425,1.75761e-05,-0.004558,2.31558e-06,0.00118525,8.98365e-06,0.00132949,8.97709e-06,-0.00132949,8.97709e-06,0.0247329,1.48267e-05,0.0247329,1.48267e-05,-0.000344145,3.05104e-07,0.000453042,2.29475e-07,-0.000453042,2.29475e-07,2.30731e-06,8.80871e-10,-7.4823e-09,9.81802e-11,1.97418e-07,9.59533e-11,-5.2474e-08,3.52599e-11,-5.25836e-09,1.76245e-12,5.606e-09,4.24369e-11,6.28822e-09,4.23919e-11,-6.28822e-09,4.23919e-11,1.16982e-07,5.40672e-11,1.16982e-07,5.40672e-11,-1.62774e-09,1.30242e-12,2.1428e-09,7.13299e-13,-2.1428e-09,7.13299e-13,2.88619,10000000,1
0.45,-0.00648573,8.51395e-05,0.0855617,5.28816e-05,-0.0227425,1.75761e-05,-0.004558,2.31558e-06,0.0012553,9.51462e-06,0.00140807,9.50767e-06,-0.00140807,9.50767e-06,0.0261947,1.5703e-05,0.0261947,1.5703e-05,-0.000364486,3.23137e-07,0.000479819,2.43038e-07,-0.000479819,2.43038e-07,2.30731e-06,8.80871e-10,-7.4823e-09,9.81802e-11,1.97418e-07,9.59533e-11,-5.2474e-08,3.52599e-11,-5.25836e-09,1.76245e-12,5.606e-09,4.24369e-11,6.28822e-09,4.23919e-11,-6.28822e-09,4.23919e-11,1.16982e-07,5.40672e-11,1.16982e-07,5.40672e-11,-1.62774e-09,1.30242e-12,2.1428e-09,7.13299e-13,-2.1428e-09,7.13299e-13,2.91295,10000000,1
0.5,-0.00648573,8.51395e-05,0.0855617,5.28816e-05,-0.0227425,1.75761e-05,-0.004558,2.31558e-06,0.00132506,1.00434e-05,0.00148632,1.0036e-05,-0.00148632,1.0036e-05,0.0276504,1.65756e-05,0.0276504,1.65756e-05,-0.000384741,3.41094e-07,0.000506484,2.56544e-07,-0.000506484,2.56544e-07,2.30731e-06,8.80871e-10,-7.4823e-09,9.81802e-11,1.97418e-07,9.59533e-11,-5.2474e-08,3.52599e-11,-5.25836e-09,1.76245e-12,5.606e-09,4.24369e-11,6.28822e-09,4.23919e-11,-6.28822e-09,4.23919e-11,1.16982e-07,5.40672e-11,1.16982e-07,5.40672e-11,-1.62774e-09,1.30242e-12,2.1428e-09,7.13299e-13,-2.1428e-09,7.13299e-13,2.80521,10000000,1
0.55,-0.00648573,8.51395e-05,0.0855617,5.28816e-05,-0.0227425,1.75761e-05,-0.004558,2.31558e-06,0.00139384,1.05647e-05,0.00156346,1.05569e-05,-0.00156346,1.05569e-05,0.0290856,1.7436e-05,0.0290856,1.7436e-05,-0.00040471,3.58798e-07,0.000532772,2.69859e-07,-0.000532772,2.69859e-07,2.30731e-06,8.80871e-10,-7.4823e-09,9.81802e-11,1.97418e-07,9.59533e-11,-5.2474e-08,3.52599e-11,-5.25836e-09,1.76245e-12,5.606e-09,4.24369e-11,6.28822e-09,4.23919e-11,-6.28822e-09,4.23919e-11,1.16982e-07,5.40672e-11,1.16982e-07,5.40672e-11,-1.62774e-09,1.30242e-12,2.1428e-09,7.13299e-13,-2.1428e-09,7.13299e-13,2.81414,10000000,1
0.6,-0.00648573,8.51395e-05,0.0855617,5.28816e-05,-0.0227425,1.75761e-05,-0.004558,2.31558e-06,0.00145814,1.1052e-05,0.00163559,1.1044e-05,-0.00163559,1.1044e-05,0.0304273,1.82403e-05,0.0304273,1.82403e-05,-0.00042338,3.7535e-07,0.00055735,2.82308e-07,-0.00055735,2.82308e-07,2.30731e-06,8.80871e-10,-7.4823e-09,9.81802e-11,1.97418e-07,9.59533e-11,-5.2474e-08,3.52599e-11,-5.25836e-09,1.76245e-12,5.606e-09,4.24369e-11,6.28822e-09,4.23919e-11,-6.28822e-09,4.23919e-11,1.16982e-07,5.40672e-11,1.16982e-07,5.40672e-11,-1.62774e-09,1.30242e-12,2.1428e-09,7.13299e-13,-2.1428e-09,7.13299e-13,2.86484,10000000,1
0.65,-0.00648573,8.51395e-05,0.0855617,5.28816e-05,-0.0227425,1.75761e-05,-0.004558,2.31558e-06,0.00151245,1.14636e-05,0.0016965,1.14553e-05,-0.0016965,1.14553e-05,0.0315606,1.89197e-05,0.0315606,1.89197e-05,-0.000439149,3.8933e-07,0.000578108,2.92822e-07,-0.000578108,2.92822e-07,2.30731e-06,8.80871e-10,-7.4823e-09,9.81802e-11,1.97418e-07,9.59533e-11,-5.2474e-08,3.52599e-11,-5.25836e-09,1.76245e-12,5.606e-09,4.24369e-11,6.28822e-09,4.23919e-11,-6.28822e-09,4.23919e-11,1.16982e-07,5.40672e-11,1.16982e-07,5.40672e-11,-1.62774e-09,1.30242e-12,2.1428e-09,7.13299e-13,-2.1428e-09,7.13299e-13,2.82062,10000000,1
0.7,-0.00648573,8.51395e-05,0.0855617,5.28816e-05,-0.0227425,1.75761e-05,-0.004558,2.31558e-06,0.00155059,1.17527e-05,0.00173928,1.17441e-05,-0.00173928,1.17441e-05,0.0323564,1.93967e-05,0.0323564,1.93967e-05,-0.000450222,3.99147e-07,0.000592685,3.00206e-07,-0.000592685,3.00206e-07,2.30731e-06,8.80871e-10,-7.4823e-09,9.81802e-11,1.97418e-07,9.59533e-11,-5.2474e-08,3.52599e-11,-5.25836e-09,1.76245e-12,5.606e-09,4.24369e-11,6.28822e-09,4.23919e-11,-6.28822e-09,4.23919e-11,1.16982e-07,5.40672e-11,1.16982e-07,5.40672e-11,-1.62774e-09,1.30242e-12,2.1428e-09,7.13299e-13,-2.1428e-09,7.13299e-13,3.00336,10000000,1
0.75,-0.00648573,8.51395e-05,0.0855617,5.28816e-05,-0.0227425,1.75761e-05,-0.004558,2.31558e-06,0.00156757,1.18815e-05,0.00175834,1.18728e-05,-0.00175834,1.18728e-05,0.0327109,1.96093e-05,0.0327109,1.96093e-05,-0.000455155,4.0352e-07,0.000599179,3.03496e-07,-0.000599179,3.03496e-07,2.30731e-06,8.80871e-10,-7.4823e-09,9.81802e-11,1.97418e-07,9.59533e-11,-5.2474e-08,3.52599e-11,-5.25836e-09,1.76245e-12,5.606e-09,4.24369e-11,6.28822e-09,4.23919e-11,-6.28822e-09,4.23919e-11,1.16982e-07,5.40672e-11,1.16982e-07,5.40672e-11,-1.62774e-09,1.30242e-12,2.1428e-09,7.13299e-13,-2.1428e-09,7.13299e-13,2.79001,10000000,1
0.8,-0.00648573,8.51395e-05,0.0855617,5.28816e-05,-0.0227425,1.75761e-05,-0.004558,2.31558e-06,0.00156134,1.18343e-05,0.00175135,1.18256e-05,-0.00175135,1.18256e-05,0.0325809,1.95313e-05,0.0325809,1.95313e-05,-0.000453346,4.01916e-07,0.000596797,3.02289e-07,-0.000596797,3.02289e-07,2.30731e-06,8.80871e-10,-7.4823e-09,9.81802e-11,1.97418e-07,9.59533e-11,-5.2474e-08,3.52599e-11,-5.25836e-09,1.76245e-12,5.606e-09,4.24369e-11,6.28822e-09,4.23919e-11,-6.28822e-09,4.23919e-11,1.16982e-07,5.40672e-11,1.16982e-07,5.40672e-11,-1.62774e-09,1.30242e-12,2.1428e-09,7.13299e-13,-2.1428e-09,7.13299e-13,2.79013,10000000,1
