z2,<dsig|1;0>,err[1],<dsig|2;0>,err[2],<ALL|0;0>,err[3],<ALL|1;0>,err[4],<dsig|0;1>,err[5],<dsig|1;-1>,err[6],<dsig|1;1>,err[7],<dsig|2;1>,err[8],<dsig|2;-1>,err[9],<ALL|0;1>,err[10],<ALL|1;-1>,err[11],<ALL|1;1>,err[12],AUzi,err[13],AUcfqzi,err[14],AUc2fqzi,err[15],ALzi,err[16],ALcfqzi,err[17],BUcf12zi,err[18],BUcfqmf12zi,err[19],BUcfqpf12zi,err[20],BUc2fqmf12zi,err[21],BUc2fqpf12zi,err[22],BLcf12zi,err[23],BLcfqmf12zi,err[24],BLcfqpf12zi,err[25],time[s],neval,fail
0.1,0.187489,0.000145359,0.0824941,7.9764e-05,-0.00152886,1.07313e-06,-6.84304e-05,4.25613e-08,0.0173774,1.37402e-05,-0.017099,1.39822e-05,0.017099,1.39822e-05,0.00495662,4.36066e-06,0.00495662,4.36066e-06,-2.78867e-05,1.75e-08,5.2133e-06,3.32444e-09,-5.2133e-06,3.32444e-09,0.0447094,2.22116e-05,0.00419127,2.49467e-06,0.00368826,3.05947e-06,-6.83543e-05,3.38939e-08,-1.52974e-06,5.7244e-10,0.00257912,1.5865e-06,-0.00253781,1.64831e-06,0.00253781,1.64831e-06,0.000735653,5.34135e-07,0.000735653,5.34135e-07,-4.13889e-06,1.58686e-09,7.73749e-07,3.09336e-10,-7.73749e-07,3.09336e-10,2.81713,10000000,1
0.15,0.187489,0.000145359,0.0824941,7.9764e-05,-0.00152886,1.07313e-06,-6.84304e-05,4.25613e-08,0.0169298,1.33863e-05,-0.0166587,1.36221e-05,0.0166587,1.36221e-05,0.00482896,4.24835e-06,0.00482896,4.24835e-06,-2.71685e-05,1.70493e-08,5.07903e-06,3.23882e-09,-5.07903e-06,3.23882e-09,0.0447094,2.22116e-05,0.00419127,2.49467e-06,0.00368826,3.05947e-06,-6.83543e-05,3.38939e-08,-1.52974e-06,5.7244e-10,0.00257912,1.5865e-06,-0.00253781,1.64831e-06,0.00253781,1.64831e-06,0.000735653,5.34135e-07,0.000735653,5.34135e-07,-4.13889e-06,1.58686e-09,7.73749e-07,3.09336e-10,-7.73749e-07,3.09336e-10,2.81097,10000000,1
0.2,0.187489,0.000145359,0.0824941,7.9764e-05,-0.00152886,1.07313e-06,-6.84304e-05,4.25613e-08,0.0172437,1.36345e-05,-0.0169675,1.38746e-05,0.0169675,1.38746e-05,0.0049185,4.32712e-06,0.0049185,4.32712e-06,-2.76723e-05,1.73654e-08,5.17321e-06,3.29887e-09,-5.17321e-06,3.29887e-09,0.0447094,2.22116e-05,0.00419127,2.49467e-06,0.00368826,3.05947e-06,-6.83543e-05,3.38939e-08,-1.52974e-06,5.7244e-10,0.00257912,1.5865e-06,-0.00253781,1.64831e-06,0.00253781,1.64831e-06,0.000735653,5.34135e-07,0.000735653,5.34135e-07,-4.13889e-06,1.58686e-09,7.73749e-07,3.09336e-10,-7.73749e-07,3.09336e-10,2.82295,10000000,1
0.25,0.187489,0.000145359,0.0824941,7.9764e-05,-0.00152886,1.07313e-06,-6.84304e-05,4.25613e-08,0.0182054,1.43949e-05,-0.0179138,1.46484e-05,0.0179138,1.46484e-05,0.0051928,4.56844e-06,0.0051928,4.56844e-06,-2.92155e-05,1.83339e-08,5.46171e-06,3.48284e-09,-5.46171e-06,3.48284e-09,0.0447094,2.22116e-05,0.00419127,2.49467e-06,0.00368826,3.05947e-06,-6.83543e-05,3.38939e-08,-1.52974e-06,5.7244e-10,0.00257912,1.5865e-06,-0.00253781,1.64831e-06,0.00253781,1.64831e-06,0.000735653,5.34135e-07,0.000735653,5.34135e-07,-4.13889e-06,1.58686e-09,7.73749e-07,3.09336e-10,-7.73749e-07,3.09336e-10,2.80421,10000000,1
0.3,0.187489,0.000145359,0.0824941,7.9764e-05,-0.00152886,1.07313e-06,-6.84304e-05,4.25613e-08,0.0194936,1.54135e-05,-0.0191814,1.56849e-05,0.0191814,1.56849e-05,0.00556024,4.8917e-06,0.00556024,4.8917e-06,-3.12828e-05,1.96312e-08,5.84818e-06,3.72929e-09,-5.84818e-06,3.72929e-09,0.0447094,2.22116e-05,0.00419127,2.49467e-06,0.00368826,3.05947e-06,-6.83543e-05,3.38939e-08,-1.52974e-06,5.7244e-10,0.00257912,1.5865e-06,-0.00253781,1.64831e-06,0.00253781,1.64831e-06,0.000735653,5.34135e-07,0.000735653,5.34135e-07,-4.13889e-06,1.58686e-09,7.73749e-07,3.09336e-10,-7.73749e-07,3.09336e-10,2.80259,10000000,1
0.35,0.187489,0.000145359,0.0824941,7.9764e-05,-0.00152886,1.07313e-06,-6.84304e-05,4.25613e-08,0.020833,1.64725e-05,-0.0204993,1.67626e-05,0.0204993,1.67626e-05,0.00594228,5.22781e-06,0.00594228,5.22781e-06,-3.34322e-05,2.098e-08,6.25e-06,3.98553e-09,-6.25e-06,3.98553e-09,0.0447094,2.22116e-05,0.00419127,2.49467e-06,0.00368826,3.05947e-06,-6.83543e-05,3.38939e-08,-1.52974e-06,5.7244e-10,0.00257912,1.5865e-06,-0.00253781,1.64831e-06,0.00253781,1.64831e-06,0.000735653,5.34135e-07,0.000735653,5.34135e-07,-4.13889e-06,1.58686e-09,7.73749e-07,3.09336e-10,-7.73749e-07,3.09336e-10,2.81132,10000000,1
0.4,0.187489,0.000145359,0.0824941,7.9764e-05,-0.00152886,1.07313e-06,-6.84304e-05,4.25613e-08,0.0221005,1.74747e-05,-0.0217465,1.77825e-05,0.0217465,1.77825e-05,0.00630382,5.54587e-06,0.00630382,5.54587e-06,-3.54662e-05,2.22565e-08,6.63026e-06,4.22801e-09,-6.63026e-06,4.22801e-09,0.0447094,2.22116e-05,0.00419127,2.49467e-06,0.00368826,3.05947e-06,-6.83543e-05,3.38939e-08,-1.52974e-06,5.7244e-10,0.00257912,1.5865e-06,-0.00253781,1.64831e-06,0.00253781,1.64831e-06,0.000735653,5.34135e-07,0.000735653,5.34135e-07,-4.13889e-06,1.58686e-09,7.73749e-07,3.09336e-10,-7.73749e-07,3.09336e-10,2.81041,10000000,1
0.45,0.187489,0.000145359,0.0824941,7.9764e-05,-0.00152886,1.07313e-06,-6.84304e-05,4.25613e-08,0.0232975,1.84212e-05,-0.0229243,1.87456e-05,0.0229243,1.87456e-05,0.00664524,5.84624e-06,0.00664524,5.84624e-06,-3.73871e-05,2.34619e-08,6.98936e-06,4.45701e-09,-6.98936e-06,4.45701e-09,0.0447094,2.22116e-05,0.00419127,2.49467e-06,0.00368826,3.05947e-06,-6.83543e-05,3.38939e-08,-1.52974e-06,5.7244e-10,0.00257912,1.5865e-06,-0.00253781,1.64831e-06,0.00253781,1.64831e-06,0.000735653,5.34135e-07,0.000735653,5.34135e-07,-4.13889e-06,1.58686e-09,7.73749e-07,3.09336e-10,-7.73749e-07,3.09336e-10,2.82241,10000000,1
0.5,0.187489,0.000145359,0.0824941,7.9764e-05,-0.00152886,1.07313e-06,-6.84304e-05,4.25613e-08,0.0244802,1.93563e-05,-0.0240881,1.96972e-05,0.0240881,1.96972e-05,0.00698259,6.14303e-06,0.00698259,6.14303e-06,-3.92851e-05,2.4653e-08,7.34418e-06,4.68327e-09,-7.34418e-06,4.68327e-09,0.0447094,2.22116e-05,0.00419127,2.49467e-06,0.00368826,3.05947e-06,-6.83543e-05,3.38939e-08,-1.52974e-06,5.7244e-10,0.00257912,1.5865e-06,-0.00253781,1.64831e-06,0.00253781,1.64831e-06,0.000735653,5.34135e-07,0.000735653,5.34135e-07,-4.13889e-06,1.58686e-09,7.73749e-07,3.09336e-10,-7.73749e-07,3.09336e-10,2.83135,10000000,1
0.55,0.187489,0.000145359,0.0824941,7.9764e-05,-0.00152886,1.07313e-06,-6.84304e-05,4.25613e-08,0.0256737,2.03e-05,-0.0252625,2.06575e-05,0.0252625,2.06575e-05,0.00732302,6.44253e-06,0.00732302,6.44253e-06,-4.12004e-05,2.58549e-08,7.70224e-06,4.91159e-09,-7.70224e-06,4.91159e-09,0.0447094,2.22116e-05,0.00419127,2.49467e-06,0.00368826,3.05947e-06,-6.83543e-05,3.38939e-08,-1.52974e-06,5.7244e-10,0.00257912,1.5865e-06,-0.00253781,1.64831e-06,0.00253781,1.64831e-06,0.000735653,5.34135e-07,0.000735653,5.34135e-07,-4.13889e-06,1.58686e-09,7.73749e-07,3.09336e-10,-7.73749e-07,3.09336e-10,2.82693,10000000,1
0.6,0.187489,0.000145359,0.0824941,7.9764e-05,-0.00152886,1.07313e-06,-6.84304e-05,4.25613e-08,0.0268122,2.12003e-05,-0.0263828,2.15736e-05,0.0263828,2.15736e-05,0.00764777,6.72824e-06,0.00764777,6.72824e-06,-4.30275e-05,2.70015e-08,8.04381e-06,5.12941e-09,-8.04381e-06,5.12941e-09,0.0447094,2.22116e-05,0.00419127,2.49467e-06,0.00368826,3.05947e-06,-6.83543e-05,3.38939e-08,-1.52974e-06,5.7244e-10,0.00257912,1.5865e-06,-0.00253781,1.64831e-06,0.00253781,1.64831e-06,0.000735653,5.34135e-07,0.000735653,5.34135e-07,-4.13889e-06,1.58686e-09,7.73749e-07,3.09336e-10,-7.73749e-07,3.09336e-10,2.82654,10000000,1
0.65,0.187489,0.000145359,0.0824941,7.9764e-05,-0.00152886,1.07313e-06,-6.84304e-05,4.25613e-08,0.0277509,2.19425e-05,-0.0273065,2.23289e-05,0.0273065,2.23289e-05,0.00791552,6.96379e-06,0.00791552,6.96379e-06,-4.45339e-05,2.79468e-08,8.32542e-06,5.30899e-09,-8.32542e-06,5.30899e-09,0.0447094,2.22116e-05,0.00419127,2.49467e-06,0.00368826,3.05947e-06,-6.83543e-05,3.38939e-08,-1.52974e-06,5.7244e-10,0.00257912,1.5865e-06,-0.00253781,1.64831e-06,0.00253781,1.64831e-06,0.000735653,5.34135e-07,0.000735653,5.34135e-07,-4.13889e-06,1.58686e-09,7.73749e-07,3.09336e-10,-7.73749e-07,3.09336e-10,2.83217,10000000,1
0.7,0.187489,0.000145359,0.0824941,7.9764e-05,-0.00152886,1.07313e-06,-6.84304e-05,4.25613e-08,0.0283178,2.23907e-05,-0.0278642,2.2785e-05,0.0278642,2.2785e-05,0.0080772,7.10604e-06,0.0080772,7.10604e-06,-4.54436e-05,2.85177e-08,8.49548e-06,5.41743e-09,-8.49548e-06,5.41743e-09,0.0447094,2.22116e-05,0.00419127,2.49467e-06,0.00368826,3.05947e-06,-6.83543e-05,3.38939e-08,-1.52974e-06,5.7244e-10,0.00257912,1.5865e-06,-0.00253781,1.64831e-06,0.00253781,1.64831e-06,0.000735653,5.34135e-07,0.000735653,5.34135e-07,-4.13889e-06,1.58686e-09,7.73749e-07,3.09336e-10,-7.73749e-07,3.09336e-10,2.8257,10000000,1
0.75,0.187489,0.000145359,0.0824941,7.9764e-05,-0.00152886,1.07313e-06,-6.84304e-05,4.25613e-08,0.0283831,2.24424e-05,-0.0279285,2.28376e-05,0.0279285,2.28376e-05,0.00809585,7.12244e-06,0.00809585,7.12244e-06,-4.55485e-05,2.85835e-08,8.51509e-06,5.42994e-09,-8.51509e-06,5.42994e-09,0.0447094,2.22116e-05,0.00419127,2.49467e-06,0.00368826,3.05947e-06,-6.83543e-05,3.38939e-08,-1.52974e-06,5.7244e-10,0.00257912,1.5865e-06,-0.00253781,1.64831e-06,0.00253781,1.64831e-06,0.000735653,5.34135e-07,0.000735653,5.34135e-07,-4.13889e-06,1.58686e-09,7.73749e-07,3.09336e-10,-7.73749e-07,3.09336e-10,2.86176,10000000,1
0.8,0.187489,0.000145359,0.0824941,7.9764e-05,-0.00152886,1.07313e-06,-6.84304e-05,4.25613e-08,0.0279255,2.20805e-05,-0.0274782,2.24694e-05,0.0274782,2.24694e-05,0.0079653,7.00758e-06,0.0079653,7.00758e-06,-4.4814e-05,2.81226e-08,8.37778e-06,5.34238e-09,-8.37778e-06,5.34238e-09,0.0447094,2.22116e-05,0.00419127,2.49467e-06,0.00368826,3.05947e-06,-6.83543e-05,3.38939e-08,-1.52974e-06,5.7244e-10,0.00257912,1.5865e-06,-0.00253781,1.64831e-06,0.00253781,1.64831e-06,0.000735653,5.34135e-07,0.000735653,5.34135e-07,-4.13889e-06,1.58686e-09,7.73749e-07,3.09336e-10,-7.73749e-07,3.09336e-10,2.90108,10000000,1
