z2,<dsig|1;0>,err[1],<dsig|2;0>,err[2],<ALL|0;0>,err[3],<ALL|1;0>,err[4],<dsig|0;1>,err[5],<dsig|1;-1>,err[6],<dsig|1;1>,err[7],<dsig|2;1>,err[8],<dsig|2;-1>,err[9],<ALL|0;1>,err[10],<ALL|1;-1>,err[11],<ALL|1;1>,err[12],AUzi,err[13],AUcfqzi,err[14],AUc2fqzi,err[15],ALzi,err[16],ALcfqzi,err[17],BUcf12zi,err[18],BUcfqmf12zi,err[19],BUcfqpf12zi,err[20],BUc2fqmf12zi,err[21],BUc2fqpf12zi,err[22],BLcf12zi,err[23],BLcfqmf12zi,err[24],BLcfqpf12zi,err[25],time[s],neval,fail
0.1,0.19012,0.000149986,0.12395,0.000121802,-0.00183432,1.34366e-06,-0.00011879,7.72061e-08,0.00488961,7.63526e-06,-0.0130911,1.05248e-05,0.0130911,1.05248e-05,0.00692808,6.1563e-06,0.00692808,6.1563e-06,-2.66193e-05,1.74582e-08,7.44436e-06,4.87858e-09,-7.44436e-06,4.87858e-09,0.0137153,6.99187e-06,0.00130377,7.84957e-07,0.0017,1.42816e-06,-2.51583e-05,1.32335e-08,-8.14617e-07,3.28421e-10,0.000261538,3.86022e-07,-0.000700221,4.35314e-07,0.000700221,4.35314e-07,0.000370573,2.69712e-07,0.000370573,2.69712e-07,-1.42383e-06,5.87492e-10,3.98187e-07,1.63977e-10,-3.98187e-07,1.63977e-10,2.855,10000000,1
0.15,0.19012,0.000149986,0.12395,0.000121802,-0.00183432,1.34366e-06,-0.00011879,7.72061e-08,0.0048296,7.54156e-06,-0.0129304,1.03957e-05,0.0129304,1.03957e-05,0.00684306,6.08075e-06,0.00684306,6.08075e-06,-2.62927e-05,1.72439e-08,7.353e-06,4.81871e-09,-7.353e-06,4.81871e-09,0.0137153,6.99187e-06,0.00130377,7.84957e-07,0.0017,1.42816e-06,-2.51583e-05,1.32335e-08,-8.14617e-07,3.28421e-10,0.000261538,3.86022e-07,-0.000700221,4.35314e-07,0.000700221,4.35314e-07,0.000370573,2.69712e-07,0.000370573,2.69712e-07,-1.42383e-06,5.87492e-10,3.98187e-07,1.63977e-10,-3.98187e-07,1.63977e-10,2.84554,10000000,1
0.2,0.19012,0.000149986,0.12395,0.000121802,-0.00183432,1.34366e-06,-0.00011879,7.72061e-08,0.00496327,7.75029e-06,-0.0132883,1.06834e-05,0.0132883,1.06834e-05,0.00703246,6.24905e-06,0.00703246,6.24905e-06,-2.70204e-05,1.77212e-08,7.55651e-06,4.95208e-09,-7.55651e-06,4.95208e-09,0.0137153,6.99187e-06,0.00130377,7.84957e-07,0.0017,1.42816e-06,-2.51583e-05,1.32335e-08,-8.14617e-07,3.28421e-10,0.000261538,3.86022e-07,-0.000700221,4.35314e-07,0.000700221,4.35314e-07,0.000370573,2.69712e-07,0.000370573,2.69712e-07,-1.42383e-06,5.87492e-10,3.98187e-07,1.63977e-10,-3.98187e-07,1.63977e-10,2.84352,10000000,1
0.25,0.19012,0.000149986,0.12395,0.000121802,-0.00183432,1.34366e-06,-0.00011879,7.72061e-08,0.00526235,8.21732e-06,-0.014089,1.13272e-05,0.014089,1.13272e-05,0.00745623,6.62561e-06,0.00745623,6.62561e-06,-2.86486e-05,1.87891e-08,8.01186e-06,5.25049e-09,-8.01186e-06,5.25049e-09,0.0137153,6.99187e-06,0.00130377,7.84957e-07,0.0017,1.42816e-06,-2.51583e-05,1.32335e-08,-8.14617e-07,3.28421e-10,0.000261538,3.86022e-07,-0.000700221,4.35314e-07,0.000700221,4.35314e-07,0.000370573,2.69712e-07,0.000370573,2.69712e-07,-1.42383e-06,5.87492e-10,3.98187e-07,1.63977e-10,-3.98187e-07,1.63977e-10,2.82232,10000000,1
0.3,0.19012,0.000149986,0.12395,0.000121802,-0.00183432,1.34366e-06,-0.00011879,7.72061e-08,0.00564166,8.80961e-06,-0.0151045,1.21436e-05,0.0151045,1.21436e-05,0.00799366,7.10318e-06,0.00799366,7.10318e-06,-3.07136e-05,2.01433e-08,8.58934e-06,5.62893e-09,-8.58934e-06,5.62893e-09,0.0137153,6.99187e-06,0.00130377,7.84957e-07,0.0017,1.42816e-06,-2.51583e-05,1.32335e-08,-8.14617e-07,3.28421e-10,0.000261538,3.86022e-07,-0.000700221,4.35314e-07,0.000700221,4.35314e-07,0.000370573,2.69712e-07,0.000370573,2.69712e-07,-1.42383e-06,5.87492e-10,3.98187e-07,1.63977e-10,-3.98187e-07,1.63977e-10,2.85043,10000000,1
0.35,0.19012,0.000149986,0.12395,0.000121802,-0.00183432,1.34366e-06,-0.00011879,7.72061e-08,0.00602982,9.41574e-06,-0.0161438,1.29791e-05,0.0161438,1.29791e-05,0.00854365,7.5919e-06,0.00854365,7.5919e-06,-3.28267e-05,2.15293e-08,9.18031e-06,6.01622e-09,-9.18031e-06,6.01622e-09,0.0137153,6.99187e-06,0.00130377,7.84957e-07,0.0017,1.42816e-06,-2.51583e-05,1.32335e-08,-8.14617e-07,3.28421e-10,0.000261538,3.86022e-07,-0.000700221,4.35314e-07,0.000700221,4.35314e-07,0.000370573,2.69712e-07,0.000370573,2.69712e-07,-1.42383e-06,5.87492e-10,3.98187e-07,1.63977e-10,-3.98187e-07,1.63977e-10,2.85263,10000000,1
0.4,0.19012,0.000149986,0.12395,0.000121802,-0.00183432,1.34366e-06,-0.00011879,7.72061e-08,0.00639599,9.98752e-06,-0.0171241,1.37673e-05,0.0171241,1.37673e-05,0.00906247,8.05292e-06,0.00906247,8.05292e-06,-3.48202e-05,2.28367e-08,9.7378e-06,6.38156e-09,-9.7378e-06,6.38156e-09,0.0137153,6.99187e-06,0.00130377,7.84957e-07,0.0017,1.42816e-06,-2.51583e-05,1.32335e-08,-8.14617e-07,3.28421e-10,0.000261538,3.86022e-07,-0.000700221,4.35314e-07,0.000700221,4.35314e-07,0.000370573,2.69712e-07,0.000370573,2.69712e-07,-1.42383e-06,5.87492e-10,3.98187e-07,1.63977e-10,-3.98187e-07,1.63977e-10,2.90074,10000000,1
0.45,0.19012,0.000149986,0.12395,0.000121802,-0.00183432,1.34366e-06,-0.00011879,7.72061e-08,0.00674127,1.05267e-05,-0.0180486,1.45105e-05,0.0180486,1.45105e-05,0.0095517,8.48765e-06,0.0095517,8.48765e-06,-3.66999e-05,2.40695e-08,1.02635e-05,6.72606e-09,-1.02635e-05,6.72606e-09,0.0137153,6.99187e-06,0.00130377,7.84957e-07,0.0017,1.42816e-06,-2.51583e-05,1.32335e-08,-8.14617e-07,3.28421e-10,0.000261538,3.86022e-07,-0.000700221,4.35314e-07,0.000700221,4.35314e-07,0.000370573,2.69712e-07,0.000370573,2.69712e-07,-1.42383e-06,5.87492e-10,3.98187e-07,1.63977e-10,-3.98187e-07,1.63977e-10,2.84456,10000000,1
0.5,0.19012,0.000149986,0.12395,0.000121802,-0.00183432,1.34366e-06,-0.00011879,7.72061e-08,0.00707945,1.10548e-05,-0.018954,1.52385e-05,0.018954,1.52385e-05,0.0100309,8.91345e-06,0.0100309,8.91345e-06,-3.8541e-05,2.52769e-08,1.07784e-05,7.06349e-09,-1.07784e-05,7.06349e-09,0.0137153,6.99187e-06,0.00130377,7.84957e-07,0.0017,1.42816e-06,-2.51583e-05,1.32335e-08,-8.14617e-07,3.28421e-10,0.000261538,3.86022e-07,-0.000700221,4.35314e-07,0.000700221,4.35314e-07,0.000370573,2.69712e-07,0.000370573,2.69712e-07,-1.42383e-06,5.87492e-10,3.98187e-07,1.63977e-10,-3.98187e-07,1.63977e-10,2.90122,10000000,1
0.55,0.19012,0.000149986,0.12395,0.000121802,-0.00183432,1.34366e-06,-0.00011879,7.72061e-08,0.00741337,1.15762e-05,-0.019848,1.59572e-05,0.019848,1.59572e-05,0.010504,9.33387e-06,0.010504,9.33387e-06,-4.03589e-05,2.64692e-08,1.12867e-05,7.39665e-09,-1.12867e-05,7.39665e-09,0.0137153,6.99187e-06,0.00130377,7.84957e-07,0.0017,1.42816e-06,-2.51583e-05,1.32335e-08,-8.14617e-07,3.28421e-10,0.000261538,3.86022e-07,-0.000700221,4.35314e-07,0.000700221,4.35314e-07,0.000370573,2.69712e-07,0.000370573,2.69712e-07,-1.42383e-06,5.87492e-10,3.98187e-07,1.63977e-10,-3.98187e-07,1.63977e-10,3.05632,10000000,1
0.6,0.19012,0.000149986,0.12395,0.000121802,-0.00183432,1.34366e-06,-0.00011879,7.72061e-08,0.00772253,1.2059e-05,-0.0206757,1.66227e-05,0.0206757,1.66227e-05,0.0109421,9.72313e-06,0.0109421,9.72313e-06,-4.2042e-05,2.75731e-08,1.17574e-05,7.70512e-09,-1.17574e-05,7.70512e-09,0.0137153,6.99187e-06,0.00130377,7.84957e-07,0.0017,1.42816e-06,-2.51583e-05,1.32335e-08,-8.14617e-07,3.28421e-10,0.000261538,3.86022e-07,-0.000700221,4.35314e-07,0.000700221,4.35314e-07,0.000370573,2.69712e-07,0.000370573,2.69712e-07,-1.42383e-06,5.87492e-10,3.98187e-07,1.63977e-10,-3.98187e-07,1.63977e-10,2.87601,10000000,1
0.65,0.19012,0.000149986,0.12395,0.000121802,-0.00183432,1.34366e-06,-0.00011879,7.72061e-08,0.00796686,1.24405e-05,-0.0213299,1.71486e-05,0.0213299,1.71486e-05,0.0112882,1.00307e-05,0.0112882,1.00307e-05,-4.33721e-05,2.84454e-08,1.21294e-05,7.94889e-09,-1.21294e-05,7.94889e-09,0.0137153,6.99187e-06,0.00130377,7.84957e-07,0.0017,1.42816e-06,-2.51583e-05,1.32335e-08,-8.14617e-07,3.28421e-10,0.000261538,3.86022e-07,-0.000700221,4.35314e-07,0.000700221,4.35314e-07,0.000370573,2.69712e-07,0.000370573,2.69712e-07,-1.42383e-06,5.87492e-10,3.98187e-07,1.63977e-10,-3.98187e-07,1.63977e-10,2.87408,10000000,1
0.7,0.19012,0.000149986,0.12395,0.000121802,-0.00183432,1.34366e-06,-0.00011879,7.72061e-08,0.00810306,1.26532e-05,-0.0216945,1.74418e-05,0.0216945,1.74418e-05,0.0114812,1.02022e-05,0.0114812,1.02022e-05,-4.41136e-05,2.89317e-08,1.23368e-05,8.08479e-09,-1.23368e-05,8.08479e-09,0.0137153,6.99187e-06,0.00130377,7.84957e-07,0.0017,1.42816e-06,-2.51583e-05,1.32335e-08,-8.14617e-07,3.28421e-10,0.000261538,3.86022e-07,-0.000700221,4.35314e-07,0.000700221,4.35314e-07,0.000370573,2.69712e-07,0.000370573,2.69712e-07,-1.42383e-06,5.87492e-10,3.98187e-07,1.63977e-10,-3.98187e-07,1.63977e-10,2.84984,10000000,1
0.75,0.19012,0.000149986,0.12395,0.000121802,-0.00183432,1.34366e-06,-0.00011879,7.72061e-08,0.00810512,1.26564e-05,-0.0217,1.74462e-05,0.0217,1.74462e-05,0.0114842,1.02048e-05,0.0114842,1.02048e-05,-4.41248e-05,2.89391e-08,1.23399e-05,8.08685e-09,-1.23399e-05,8.08685e-09,0.0137153,6.99187e-06,0.00130377,7.84957e-07,0.0017,1.42816e-06,-2.51583e-05,1.32335e-08,-8.14617e-07,3.28421e-10,0.000261538,3.86022e-07,-0.000700221,4.35314e-07,0.000700221,4.35314e-07,0.000370573,2.69712e-07,0.000370573,2.69712e-07,-1.42383e-06,5.87492e-10,3.98187e-07,1.63977e-10,-3.98187e-07,1.63977e-10,2.89536,10000000,1
0.8,0.19012,0.000149986,0.12395,0.000121802,-0.00183432,1.34366e-06,-0.00011879,7.72061e-08,0.00797688,1.24561e-05,-0.0213567,1.71702e-05,0.0213567,1.71702e-05,0.0113024,1.00434e-05,0.0113024,1.00434e-05,-4.34267e-05,2.84812e-08,1.21447e-05,7.95889e-09,-1.21447e-05,7.95889e-09,0.0137153,6.99187e-06,0.00130377,7.84957e-07,0.0017,1.42816e-06,-2.51583e-05,1.32335e-08,-8.14617e-07,3.28421e-10,0.000261538,3.86022e-07,-0.000700221,4.35314e-07,0.000700221,4.35314e-07,0.000370573,2.69712e-07,0.000370573,2.69712e-07,-1.42383e-06,5.87492e-10,3.98187e-07,1.63977e-10,-3.98187e-07,1.63977e-10,2.84835,10000000,1
