z2,<dsig|1;0>,err[1],<dsig|2;0>,err[2],<ALL|0;0>,err[3],<ALL|1;0>,err[4],<dsig|0;1>,err[5],<dsig|1;-1>,err[6],<dsig|1;1>,err[7],<dsig|2;1>,err[8],<dsig|2;-1>,err[9],<ALL|0;1>,err[10],<ALL|1;-1>,err[11],<ALL|1;1>,err[12],AUzi,err[13],AUcfqzi,err[14],AUc2fqzi,err[15],ALzi,err[16],ALcfqzi,err[17],BUcf12zi,err[18],BUcfqmf12zi,err[19],BUcfqpf12zi,err[20],BUc2fqmf12zi,err[21],BUc2fqpf12zi,err[22],BLcf12zi,err[23],BLcfqmf12zi,err[24],BLcfqpf12zi,err[25],time[s],neval,fail
0.1,0.187489,0.000145359,0.0824941,7.9764e-05,-0.00152886,1.07313e-06,-6.84304e-05,4.25613e-08,0.0227765,1.80092e-05,-0.0224116,1.83264e-05,0.0224116,1.83264e-05,0.00649662,5.7155e-06,0.00649662,5.7155e-06,-3.6551e-05,2.29372e-08,6.83305e-06,4.35733e-09,-6.83305e-06,4.35733e-09,0.0447094,2.22116e-05,0.00419127,2.49467e-06,0.00368826,3.05947e-06,-6.83543e-05,3.38939e-08,-1.52974e-06,5.7244e-10,0.00257912,1.5865e-06,-0.00253781,1.64831e-06,0.00253781,1.64831e-06,0.000735653,5.34135e-07,0.000735653,5.34135e-07,-4.13889e-06,1.58686e-09,7.73749e-07,3.09336e-10,-7.73749e-07,3.09336e-10,2.80447,10000000,1
0.15,0.187489,0.000145359,0.0824941,7.9764e-05,-0.00152886,1.07313e-06,-6.84304e-05,4.25613e-08,0.0225688,1.7845e-05,-0.0222073,1.81593e-05,0.0222073,1.81593e-05,0.0064374,5.66339e-06,0.0064374,5.66339e-06,-3.62178e-05,2.27281e-08,6.77076e-06,4.31761e-09,-6.77076e-06,4.31761e-09,0.0447094,2.22116e-05,0.00419127,2.49467e-06,0.00368826,3.05947e-06,-6.83543e-05,3.38939e-08,-1.52974e-06,5.7244e-10,0.00257912,1.5865e-06,-0.00253781,1.64831e-06,0.00253781,1.64831e-06,0.000735653,5.34135e-07,0.000735653,5.34135e-07,-4.13889e-06,1.58686e-09,7.73749e-07,3.09336e-10,-7.73749e-07,3.09336e-10,2.8176,10000000,1
0.2,0.187489,0.000145359,0.0824941,7.9764e-05,-0.00152886,1.07313e-06,-6.84304e-05,4.25613e-08,0.0232195,1.83595e-05,-0.0228476,1.86828e-05,0.0228476,1.86828e-05,0.00662299,5.82667e-06,0.00662299,5.82667e-06,-3.7262e-05,2.33834e-08,6.96597e-06,4.44209e-09,-6.96597e-06,4.44209e-09,0.0447094,2.22116e-05,0.00419127,2.49467e-06,0.00368826,3.05947e-06,-6.83543e-05,3.38939e-08,-1.52974e-06,5.7244e-10,0.00257912,1.5865e-06,-0.00253781,1.64831e-06,0.00253781,1.64831e-06,0.000735653,5.34135e-07,0.000735653,5.34135e-07,-4.13889e-06,1.58686e-09,7.73749e-07,3.09336e-10,-7.73749e-07,3.09336e-10,2.89681,10000000,1
0.25,0.187489,0.000145359,0.0824941,7.9764e-05,-0.00152886,1.07313e-06,-6.84304e-05,4.25613e-08,0.024565,1.94234e-05,-0.0241716,1.97655e-05,0.0241716,1.97655e-05,0.00700679,6.16432e-06,0.00700679,6.16432e-06,-3.94212e-05,2.47384e-08,7.36963e-06,4.6995e-09,-7.36963e-06,4.6995e-09,0.0447094,2.22116e-05,0.00419127,2.49467e-06,0.00368826,3.05947e-06,-6.83543e-05,3.38939e-08,-1.52974e-06,5.7244e-10,0.00257912,1.5865e-06,-0.00253781,1.64831e-06,0.00253781,1.64831e-06,0.000735653,5.34135e-07,0.000735653,5.34135e-07,-4.13889e-06,1.58686e-09,7.73749e-07,3.09336e-10,-7.73749e-07,3.09336e-10,2.81119,10000000,1
0.3,0.187489,0.000145359,0.0824941,7.9764e-05,-0.00152886,1.07313e-06,-6.84304e-05,4.25613e-08,0.0263245,2.08146e-05,-0.0259029,2.11812e-05,0.0259029,2.11812e-05,0.00750865,6.60584e-06,0.00750865,6.60584e-06,-4.22448e-05,2.65103e-08,7.89749e-06,5.0361e-09,-7.89749e-06,5.0361e-09,0.0447094,2.22116e-05,0.00419127,2.49467e-06,0.00368826,3.05947e-06,-6.83543e-05,3.38939e-08,-1.52974e-06,5.7244e-10,0.00257912,1.5865e-06,-0.00253781,1.64831e-06,0.00253781,1.64831e-06,0.000735653,5.34135e-07,0.000735653,5.34135e-07,-4.13889e-06,1.58686e-09,7.73749e-07,3.09336e-10,-7.73749e-07,3.09336e-10,2.82314,10000000,1
0.35,0.187489,0.000145359,0.0824941,7.9764e-05,-0.00152886,1.07313e-06,-6.84304e-05,4.25613e-08,0.0282547,2.23408e-05,-0.0278021,2.27342e-05,0.0278021,2.27342e-05,0.0080592,7.09019e-06,0.0080592,7.09019e-06,-4.53423e-05,2.84541e-08,8.47654e-06,5.40535e-09,-8.47654e-06,5.40535e-09,0.0447094,2.22116e-05,0.00419127,2.49467e-06,0.00368826,3.05947e-06,-6.83543e-05,3.38939e-08,-1.52974e-06,5.7244e-10,0.00257912,1.5865e-06,-0.00253781,1.64831e-06,0.00253781,1.64831e-06,0.000735653,5.34135e-07,0.000735653,5.34135e-07,-4.13889e-06,1.58686e-09,7.73749e-07,3.09336e-10,-7.73749e-07,3.09336e-10,2.85341,10000000,1
0.4,0.187489,0.000145359,0.0824941,7.9764e-05,-0.00152886,1.07313e-06,-6.84304e-05,4.25613e-08,0.0302157,2.38914e-05,-0.0297317,2.43121e-05,0.0297317,2.43121e-05,0.00861855,7.58229e-06,0.00861855,7.58229e-06,-4.84893e-05,3.0429e-08,9.06486e-06,5.78052e-09,-9.06486e-06,5.78052e-09,0.0447094,2.22116e-05,0.00419127,2.49467e-06,0.00368826,3.05947e-06,-6.83543e-05,3.38939e-08,-1.52974e-06,5.7244e-10,0.00257912,1.5865e-06,-0.00253781,1.64831e-06,0.00253781,1.64831e-06,0.000735653,5.34135e-07,0.000735653,5.34135e-07,-4.13889e-06,1.58686e-09,7.73749e-07,3.09336e-10,-7.73749e-07,3.09336e-10,2.88618,10000000,1
0.45,0.187489,0.000145359,0.0824941,7.9764e-05,-0.00152886,1.07313e-06,-6.84304e-05,4.25613e-08,0.0321748,2.54404e-05,-0.0316594,2.58884e-05,0.0316594,2.58884e-05,0.00917735,8.07391e-06,0.00917735,8.07391e-06,-5.16332e-05,3.24019e-08,9.6526e-06,6.15531e-09,-9.6526e-06,6.15531e-09,0.0447094,2.22116e-05,0.00419127,2.49467e-06,0.00368826,3.05947e-06,-6.83543e-05,3.38939e-08,-1.52974e-06,5.7244e-10,0.00257912,1.5865e-06,-0.00253781,1.64831e-06,0.00253781,1.64831e-06,0.000735653,5.34135e-07,0.000735653,5.34135e-07,-4.13889e-06,1.58686e-09,7.73749e-07,3.09336e-10,-7.73749e-07,3.09336e-10,2.83147,10000000,1
0.5,0.187489,0.000145359,0.0824941,7.9764e-05,-0.00152886,1.07313e-06,-6.84304e-05,4.25613e-08,0.0341833,2.70285e-05,-0.0336358,2.75045e-05,0.0336358,2.75045e-05,0.00975024,8.57791e-06,0.00975024,8.57791e-06,-5.48563e-05,3.44245e-08,1.02552e-05,6.53955e-09,-1.02552e-05,6.53955e-09,0.0447094,2.22116e-05,0.00419127,2.49467e-06,0.00368826,3.05947e-06,-6.83543e-05,3.38939e-08,-1.52974e-06,5.7244e-10,0.00257912,1.5865e-06,-0.00253781,1.64831e-06,0.00253781,1.64831e-06,0.000735653,5.34135e-07,0.000735653,5.34135e-07,-4.13889e-06,1.58686e-09,7.73749e-07,3.09336e-10,-7.73749e-07,3.09336e-10,2.8818,10000000,1
0.55,0.187489,0.000145359,0.0824941,7.9764e-05,-0.00152886,1.07313e-06,-6.84304e-05,4.25613e-08,0.0363075,2.87082e-05,-0.035726,2.92137e-05,0.035726,2.92137e-05,0.0103562,9.11097e-06,0.0103562,9.11097e-06,-5.82653e-05,3.65638e-08,1.08924e-05,6.94594e-09,-1.08924e-05,6.94594e-09,0.0447094,2.22116e-05,0.00419127,2.49467e-06,0.00368826,3.05947e-06,-6.83543e-05,3.38939e-08,-1.52974e-06,5.7244e-10,0.00257912,1.5865e-06,-0.00253781,1.64831e-06,0.00253781,1.64831e-06,0.000735653,5.34135e-07,0.000735653,5.34135e-07,-4.13889e-06,1.58686e-09,7.73749e-07,3.09336e-10,-7.73749e-07,3.09336e-10,2.82125,10000000,1
0.6,0.187489,0.000145359,0.0824941,7.9764e-05,-0.00152886,1.07313e-06,-6.84304e-05,4.25613e-08,0.0385557,3.04858e-05,-0.0379382,3.10227e-05,0.0379382,3.10227e-05,0.0109974,9.67513e-06,0.0109974,9.67513e-06,-6.18731e-05,3.88279e-08,1.15669e-05,7.37604e-09,-1.15669e-05,7.37604e-09,0.0447094,2.22116e-05,0.00419127,2.49467e-06,0.00368826,3.05947e-06,-6.83543e-05,3.38939e-08,-1.52974e-06,5.7244e-10,0.00257912,1.5865e-06,-0.00253781,1.64831e-06,0.00253781,1.64831e-06,0.000735653,5.34135e-07,0.000735653,5.34135e-07,-4.13889e-06,1.58686e-09,7.73749e-07,3.09336e-10,-7.73749e-07,3.09336e-10,2.81957,10000000,1
0.65,0.187489,0.000145359,0.0824941,7.9764e-05,-0.00152886,1.07313e-06,-6.84304e-05,4.25613e-08,0.0408512,3.23008e-05,-0.0401969,3.28697e-05,0.0401969,3.28697e-05,0.0116522,1.02512e-05,0.0116522,1.02512e-05,-6.55569e-05,4.11396e-08,1.22556e-05,7.81519e-09,-1.22556e-05,7.81519e-09,0.0447094,2.22116e-05,0.00419127,2.49467e-06,0.00368826,3.05947e-06,-6.83543e-05,3.38939e-08,-1.52974e-06,5.7244e-10,0.00257912,1.5865e-06,-0.00253781,1.64831e-06,0.00253781,1.64831e-06,0.000735653,5.34135e-07,0.000735653,5.34135e-07,-4.13889e-06,1.58686e-09,7.73749e-07,3.09336e-10,-7.73749e-07,3.09336e-10,2.98347,10000000,1
0.7,0.187489,0.000145359,0.0824941,7.9764e-05,-0.00152886,1.07313e-06,-6.84304e-05,4.25613e-08,0.0430617,3.40487e-05,-0.042372,3.46483e-05,0.042372,3.46483e-05,0.0122827,1.08059e-05,0.0122827,1.08059e-05,-6.91042e-05,4.33657e-08,1.29187e-05,8.23807e-09,-1.29187e-05,8.23807e-09,0.0447094,2.22116e-05,0.00419127,2.49467e-06,0.00368826,3.05947e-06,-6.83543e-05,3.38939e-08,-1.52974e-06,5.7244e-10,0.00257912,1.5865e-06,-0.00253781,1.64831e-06,0.00253781,1.64831e-06,0.000735653,5.34135e-07,0.000735653,5.34135e-07,-4.13889e-06,1.58686e-09,7.73749e-07,3.09336e-10,-7.73749e-07,3.09336e-10,2.81502,10000000,1
0.75,0.187489,0.000145359,0.0824941,7.9764e-05,-0.00152886,1.07313e-06,-6.84304e-05,4.25613e-08,0.0449866,3.55707e-05,-0.0442661,3.61971e-05,0.0442661,3.61971e-05,0.0128317,1.12889e-05,0.0128317,1.12889e-05,-7.21933e-05,4.53042e-08,1.34962e-05,8.60633e-09,-1.34962e-05,8.60633e-09,0.0447094,2.22116e-05,0.00419127,2.49467e-06,0.00368826,3.05947e-06,-6.83543e-05,3.38939e-08,-1.52974e-06,5.7244e-10,0.00257912,1.5865e-06,-0.00253781,1.64831e-06,0.00253781,1.64831e-06,0.000735653,5.34135e-07,0.000735653,5.34135e-07,-4.13889e-06,1.58686e-09,7.73749e-07,3.09336e-10,-7.73749e-07,3.09336e-10,2.82791,10000000,1
0.8,0.187489,0.000145359,0.0824941,7.9764e-05,-0.00152886,1.07313e-06,-6.84304e-05,4.25613e-08,0.046357,3.66542e-05,-0.0456145,3.72997e-05,0.0456145,3.72997e-05,0.0132226,1.16328e-05,0.0132226,1.16328e-05,-7.43924e-05,4.66842e-08,1.39073e-05,8.86848e-09,-1.39073e-05,8.86848e-09,0.0447094,2.22116e-05,0.00419127,2.49467e-06,0.00368826,3.05947e-06,-6.83543e-05,3.38939e-08,-1.52974e-06,5.7244e-10,0.00257912,1.5865e-06,-0.00253781,1.64831e-06,0.00253781,1.64831e-06,0.000735653,5.34135e-07,0.000735653,5.34135e-07,-4.13889e-06,1.58686e-09,7.73749e-07,3.09336e-10,-7.73749e-07,3.09336e-10,2.98538,10000000,1
