,z2,<dsig|1;0>,err[1],<dsig|2;0>,err[2],<ALL|0;0>,err[3],<ALL|1;0>,err[4],<dsig|0;1>,err[5],<dsig|1;-1>,err[6],<dsig|1;1>,err[7],<dsig|2;1>,err[8],<dsig|2;-1>,err[9],<ALL|0;1>,err[10],<ALL|1;-1>,err[11],<ALL|1;1>,err[12],AUzi,err[13],AUcfqzi,err[14],AUc2fqzi,err[15],ALzi,err[16],ALcfqzi,err[17],BUcf12zi,err[18],BUcfqmf12zi,err[19],BUcfqpf12zi,err[20],BUc2fqmf12zi,err[21],BUc2fqpf12zi,err[22],BLcf12zi,err[23],BLcfqmf12zi,err[24],BLcfqpf12zi,err[25],time[s],neval,fail
,0.1,0.190159,0.000149399,0.124131,0.000121519,-0.00182156,1.33093e-06,-0.000118577,7.67712e-08,0.00256414,4.00461e-06,-0.0068875,5.51509e-06,0.0068875,5.51509e-06,0.00364716,3.22827e-06,0.00364716,3.22827e-06,-1.39289e-05,9.10553e-09,3.90981e-06,2.55266e-09,-3.90981e-06,2.55266e-09,0.0133073,6.75828e-06,0.00126525,7.58435e-07,0.00165184,1.38245e-06,-2.424e-05,1.2733e-08,-7.88969e-07,3.16816e-10,0.000253055,3.73736e-07,-0.000679727,4.20804e-07,0.000679727,4.20804e-07,0.000359938,2.60938e-07,0.000359938,2.60938e-07,-1.37464e-06,5.6581e-10,3.85858e-07,1.58312e-10,-3.85858e-07,1.58312e-10,3.07074,10000000,1
,0.15,0.190159,0.000149399,0.124131,0.000121519,-0.00182156,1.33093e-06,-0.000118577,7.67712e-08,0.00258968,4.04449e-06,-0.00695609,5.57002e-06,0.00695609,5.57002e-06,0.00368348,3.26042e-06,0.00368348,3.26042e-06,-1.40676e-05,9.19621e-09,3.94874e-06,2.57808e-09,-3.94874e-06,2.57808e-09,0.0133073,6.75828e-06,0.00126525,7.58435e-07,0.00165184,1.38245e-06,-2.424e-05,1.2733e-08,-7.88969e-07,3.16816e-10,0.000253055,3.73736e-07,-0.000679727,4.20804e-07,0.000679727,4.20804e-07,0.000359938,2.60938e-07,0.000359938,2.60938e-07,-1.37464e-06,5.6581e-10,3.85858e-07,1.58312e-10,-3.85858e-07,1.58312e-10,2.8989,10000000,1
,0.2,0.190159,0.000149399,0.124131,0.000121519,-0.00182156,1.33093e-06,-0.000118577,7.67712e-08,0.00267968,4.18506e-06,-0.00719785,5.76361e-06,0.00719785,5.76361e-06,0.0038115,3.37373e-06,0.0038115,3.37373e-06,-1.45565e-05,9.51583e-09,4.08598e-06,2.66768e-09,-4.08598e-06,2.66768e-09,0.0133073,6.75828e-06,0.00126525,7.58435e-07,0.00165184,1.38245e-06,-2.424e-05,1.2733e-08,-7.88969e-07,3.16816e-10,0.000253055,3.73736e-07,-0.000679727,4.20804e-07,0.000679727,4.20804e-07,0.000359938,2.60938e-07,0.000359938,2.60938e-07,-1.37464e-06,5.6581e-10,3.85858e-07,1.58312e-10,-3.85858e-07,1.58312e-10,2.98895,10000000,1
,0.25,0.190159,0.000149399,0.124131,0.000121519,-0.00182156,1.33093e-06,-0.000118577,7.67712e-08,0.0028182,4.40139e-06,-0.00756992,6.06153e-06,0.00756992,6.06153e-06,0.00400852,3.54812e-06,0.00400852,3.54812e-06,-1.53089e-05,1.00077e-08,4.29719e-06,2.80558e-09,-4.29719e-06,2.80558e-09,0.0133073,6.75828e-06,0.00126525,7.58435e-07,0.00165184,1.38245e-06,-2.424e-05,1.2733e-08,-7.88969e-07,3.16816e-10,0.000253055,3.73736e-07,-0.000679727,4.20804e-07,0.000679727,4.20804e-07,0.000359938,2.60938e-07,0.000359938,2.60938e-07,-1.37464e-06,5.6581e-10,3.85858e-07,1.58312e-10,-3.85858e-07,1.58312e-10,3.1223,10000000,1
,0.3,0.190159,0.000149399,0.124131,0.000121519,-0.00182156,1.33093e-06,-0.000118577,7.67712e-08,0.00297273,4.64274e-06,-0.00798501,6.39391e-06,0.00798501,6.39391e-06,0.00422832,3.74269e-06,0.00422832,3.74269e-06,-1.61484e-05,1.05565e-08,4.53282e-06,2.95942e-09,-4.53282e-06,2.95942e-09,0.0133073,6.75828e-06,0.00126525,7.58435e-07,0.00165184,1.38245e-06,-2.424e-05,1.2733e-08,-7.88969e-07,3.16816e-10,0.000253055,3.73736e-07,-0.000679727,4.20804e-07,0.000679727,4.20804e-07,0.000359938,2.60938e-07,0.000359938,2.60938e-07,-1.37464e-06,5.6581e-10,3.85858e-07,1.58312e-10,-3.85858e-07,1.58312e-10,3.28561,10000000,1
,0.35,0.190159,0.000149399,0.124131,0.000121519,-0.00182156,1.33093e-06,-0.000118577,7.67712e-08,0.00312273,4.87699e-06,-0.0083879,6.71652e-06,0.0083879,6.71652e-06,0.00444167,3.93153e-06,0.00444167,3.93153e-06,-1.69632e-05,1.10891e-08,4.76153e-06,3.10874e-09,-4.76153e-06,3.10874e-09,0.0133073,6.75828e-06,0.00126525,7.58435e-07,0.00165184,1.38245e-06,-2.424e-05,1.2733e-08,-7.88969e-07,3.16816e-10,0.000253055,3.73736e-07,-0.000679727,4.20804e-07,0.000679727,4.20804e-07,0.000359938,2.60938e-07,0.000359938,2.60938e-07,-1.37464e-06,5.6581e-10,3.85858e-07,1.58312e-10,-3.85858e-07,1.58312e-10,3.46942,10000000,1
,0.4,0.190159,0.000149399,0.124131,0.000121519,-0.00182156,1.33093e-06,-0.000118577,7.67712e-08,0.003265,5.0992e-06,-0.00877007,7.02254e-06,0.00877007,7.02254e-06,0.00464404,4.11065e-06,0.00464404,4.11065e-06,-1.77361e-05,1.15944e-08,4.97848e-06,3.25038e-09,-4.97848e-06,3.25038e-09,0.0133073,6.75828e-06,0.00126525,7.58435e-07,0.00165184,1.38245e-06,-2.424e-05,1.2733e-08,-7.88969e-07,3.16816e-10,0.000253055,3.73736e-07,-0.000679727,4.20804e-07,0.000679727,4.20804e-07,0.000359938,2.60938e-07,0.000359938,2.60938e-07,-1.37464e-06,5.6581e-10,3.85858e-07,1.58312e-10,-3.85858e-07,1.58312e-10,3.80023,10000000,1
,0.45,0.190159,0.000149399,0.124131,0.000121519,-0.00182156,1.33093e-06,-0.000118577,7.67712e-08,0.00340445,5.31699e-06,-0.00914465,7.32248e-06,0.00914465,7.32248e-06,0.00484239,4.28622e-06,0.00484239,4.28622e-06,-1.84936e-05,1.20896e-08,5.19111e-06,3.38921e-09,-5.19111e-06,3.38921e-09,0.0133073,6.75828e-06,0.00126525,7.58435e-07,0.00165184,1.38245e-06,-2.424e-05,1.2733e-08,-7.88969e-07,3.16816e-10,0.000253055,3.73736e-07,-0.000679727,4.20804e-07,0.000679727,4.20804e-07,0.000359938,2.60938e-07,0.000359938,2.60938e-07,-1.37464e-06,5.6581e-10,3.85858e-07,1.58312e-10,-3.85858e-07,1.58312e-10,4.14235,10000000,1
,0.5,0.190159,0.000149399,0.124131,0.000121519,-0.00182156,1.33093e-06,-0.000118577,7.67712e-08,0.00354179,5.53148e-06,-0.00951355,7.61787e-06,0.00951355,7.61787e-06,0.00503773,4.45913e-06,0.00503773,4.45913e-06,-1.92396e-05,1.25773e-08,5.40052e-06,3.52593e-09,-5.40052e-06,3.52593e-09,0.0133073,6.75828e-06,0.00126525,7.58435e-07,0.00165184,1.38245e-06,-2.424e-05,1.2733e-08,-7.88969e-07,3.16816e-10,0.000253055,3.73736e-07,-0.000679727,4.20804e-07,0.000679727,4.20804e-07,0.000359938,2.60938e-07,0.000359938,2.60938e-07,-1.37464e-06,5.6581e-10,3.85858e-07,1.58312e-10,-3.85858e-07,1.58312e-10,3.4737,10000000,1
,0.55,0.190159,0.000149399,0.124131,0.000121519,-0.00182156,1.33093e-06,-0.000118577,7.67712e-08,0.00366458,5.72325e-06,-0.00984336,7.88197e-06,0.00984336,7.88197e-06,0.00521238,4.61372e-06,0.00521238,4.61372e-06,-1.99066e-05,1.30133e-08,5.58775e-06,3.64817e-09,-5.58775e-06,3.64817e-09,0.0133073,6.75828e-06,0.00126525,7.58435e-07,0.00165184,1.38245e-06,-2.424e-05,1.2733e-08,-7.88969e-07,3.16816e-10,0.000253055,3.73736e-07,-0.000679727,4.20804e-07,0.000679727,4.20804e-07,0.000359938,2.60938e-07,0.000359938,2.60938e-07,-1.37464e-06,5.6581e-10,3.85858e-07,1.58312e-10,-3.85858e-07,1.58312e-10,4.28537,10000000,1
,0.6,0.190159,0.000149399,0.124131,0.000121519,-0.00182156,1.33093e-06,-0.000118577,7.67712e-08,0.0037501,5.85682e-06,-0.0100731,8.06592e-06,0.0100731,8.06592e-06,0.00533403,4.7214e-06,0.00533403,4.7214e-06,-2.03712e-05,1.3317e-08,5.71816e-06,3.73331e-09,-5.71816e-06,3.73331e-09,0.0133073,6.75828e-06,0.00126525,7.58435e-07,0.00165184,1.38245e-06,-2.424e-05,1.2733e-08,-7.88969e-07,3.16816e-10,0.000253055,3.73736e-07,-0.000679727,4.20804e-07,0.000679727,4.20804e-07,0.000359938,2.60938e-07,0.000359938,2.60938e-07,-1.37464e-06,5.6581e-10,3.85858e-07,1.58312e-10,-3.85858e-07,1.58312e-10,4.00878,10000000,1
,0.65,0.190159,0.000149399,0.124131,0.000121519,-0.00182156,1.33093e-06,-0.000118577,7.67712e-08,0.00377513,5.89591e-06,-0.0101403,8.11975e-06,0.0101403,8.11975e-06,0.00536963,4.75291e-06,0.00536963,4.75291e-06,-2.05072e-05,1.34059e-08,5.75632e-06,3.75822e-09,-5.75632e-06,3.75822e-09,0.0133073,6.75828e-06,0.00126525,7.58435e-07,0.00165184,1.38245e-06,-2.424e-05,1.2733e-08,-7.88969e-07,3.16816e-10,0.000253055,3.73736e-07,-0.000679727,4.20804e-07,0.000679727,4.20804e-07,0.000359938,2.60938e-07,0.000359938,2.60938e-07,-1.37464e-06,5.6581e-10,3.85858e-07,1.58312e-10,-3.85858e-07,1.58312e-10,3.8305,10000000,1
,0.7,0.190159,0.000149399,0.124131,0.000121519,-0.00182156,1.33093e-06,-0.000118577,7.67712e-08,0.00372361,5.81545e-06,-0.0100019,8.00895e-06,0.0100019,8.00895e-06,0.00529635,4.68805e-06,0.00529635,4.68805e-06,-2.02273e-05,1.32229e-08,5.67777e-06,3.70694e-09,-5.67777e-06,3.70694e-09,0.0133073,6.75828e-06,0.00126525,7.58435e-07,0.00165184,1.38245e-06,-2.424e-05,1.2733e-08,-7.88969e-07,3.16816e-10,0.000253055,3.73736e-07,-0.000679727,4.20804e-07,0.000679727,4.20804e-07,0.000359938,2.60938e-07,0.000359938,2.60938e-07,-1.37464e-06,5.6581e-10,3.85858e-07,1.58312e-10,-3.85858e-07,1.58312e-10,3.78719,10000000,1
,0.75,0.190159,0.000149399,0.124131,0.000121519,-0.00182156,1.33093e-06,-0.000118577,7.67712e-08,0.00359876,5.62046e-06,-0.00966657,7.74041e-06,0.00966657,7.74041e-06,0.00511876,4.53086e-06,0.00511876,4.53086e-06,-1.95491e-05,1.27796e-08,5.48739e-06,3.58264e-09,-5.48739e-06,3.58264e-09,0.0133073,6.75828e-06,0.00126525,7.58435e-07,0.00165184,1.38245e-06,-2.424e-05,1.2733e-08,-7.88969e-07,3.16816e-10,0.000253055,3.73736e-07,-0.000679727,4.20804e-07,0.000679727,4.20804e-07,0.000359938,2.60938e-07,0.000359938,2.60938e-07,-1.37464e-06,5.6581e-10,3.85858e-07,1.58312e-10,-3.85858e-07,1.58312e-10,3.69107,10000000,1
,0.8,0.190159,0.000149399,0.124131,0.000121519,-0.00182156,1.33093e-06,-0.000118577,7.67712e-08,0.00342057,5.34217e-06,-0.00918795,7.35715e-06,0.00918795,7.35715e-06,0.00486531,4.30652e-06,0.00486531,4.30652e-06,-1.85812e-05,1.21468e-08,5.21569e-06,3.40525e-09,-5.21569e-06,3.40525e-09,0.0133073,6.75828e-06,0.00126525,7.58435e-07,0.00165184,1.38245e-06,-2.424e-05,1.2733e-08,-7.88969e-07,3.16816e-10,0.000253055,3.73736e-07,-0.000679727,4.20804e-07,0.000679727,4.20804e-07,0.000359938,2.60938e-07,0.000359938,2.60938e-07,-1.37464e-06,5.6581e-10,3.85858e-07,1.58312e-10,-3.85858e-07,1.58312e-10,3.53521,10000000,1
