,z2,<dsig|1;0>,err[1],<dsig|2;0>,err[2],<ALL|0;0>,err[3],<ALL|1;0>,err[4],<dsig|0;1>,err[5],<dsig|1;-1>,err[6],<dsig|1;1>,err[7],<dsig|2;1>,err[8],<dsig|2;-1>,err[9],<ALL|0;1>,err[10],<ALL|1;-1>,err[11],<ALL|1;1>,err[12],AUzi,err[13],AUcfqzi,err[14],AUc2fqzi,err[15],ALzi,err[16],ALcfqzi,err[17],BUcf12zi,err[18],BUcfqmf12zi,err[19],BUcfqpf12zi,err[20],BUc2fqmf12zi,err[21],BUc2fqpf12zi,err[22],BLcf12zi,err[23],BLcfqmf12zi,err[24],BLcfqpf12zi,err[25],time[s],neval,fail
,0.1,0.190159,0.000149399,0.124131,0.000121519,-0.00182156,1.33093e-06,-0.000118577,7.67712e-08,0.00280553,4.38161e-06,-0.00753589,6.03429e-06,0.00753589,6.03429e-06,0.0039905,3.53218e-06,0.0039905,3.53218e-06,-1.52401e-05,9.96273e-09,4.27788e-06,2.79297e-09,-4.27788e-06,2.79297e-09,0.0133073,6.75828e-06,0.00126525,7.58435e-07,0.00165184,1.38245e-06,-2.424e-05,1.2733e-08,-7.88969e-07,3.16816e-10,0.000253055,3.73736e-07,-0.000679727,4.20804e-07,0.000679727,4.20804e-07,0.000359938,2.60938e-07,0.000359938,2.60938e-07,-1.37464e-06,5.6581e-10,3.85858e-07,1.58312e-10,-3.85858e-07,1.58312e-10,2.88001,10000000,1
,0.15,0.190159,0.000149399,0.124131,0.000121519,-0.00182156,1.33093e-06,-0.000118577,7.67712e-08,0.0028528,4.45543e-06,-0.00766285,6.13595e-06,0.00766285,6.13595e-06,0.00405773,3.59169e-06,0.00405773,3.59169e-06,-1.54969e-05,1.01306e-08,4.34995e-06,2.84002e-09,-4.34995e-06,2.84002e-09,0.0133073,6.75828e-06,0.00126525,7.58435e-07,0.00165184,1.38245e-06,-2.424e-05,1.2733e-08,-7.88969e-07,3.16816e-10,0.000253055,3.73736e-07,-0.000679727,4.20804e-07,0.000679727,4.20804e-07,0.000359938,2.60938e-07,0.000359938,2.60938e-07,-1.37464e-06,5.6581e-10,3.85858e-07,1.58312e-10,-3.85858e-07,1.58312e-10,3.10528,10000000,1
,0.2,0.190159,0.000149399,0.124131,0.000121519,-0.00182156,1.33093e-06,-0.000118577,7.67712e-08,0.00295839,4.62034e-06,-0.00794647,6.36306e-06,0.00794647,6.36306e-06,0.00420792,3.72462e-06,0.00420792,3.72462e-06,-1.60705e-05,1.05055e-08,4.51095e-06,2.94514e-09,-4.51095e-06,2.94514e-09,0.0133073,6.75828e-06,0.00126525,7.58435e-07,0.00165184,1.38245e-06,-2.424e-05,1.2733e-08,-7.88969e-07,3.16816e-10,0.000253055,3.73736e-07,-0.000679727,4.20804e-07,0.000679727,4.20804e-07,0.000359938,2.60938e-07,0.000359938,2.60938e-07,-1.37464e-06,5.6581e-10,3.85858e-07,1.58312e-10,-3.85858e-07,1.58312e-10,2.95167,10000000,1
,0.25,0.190159,0.000149399,0.124131,0.000121519,-0.00182156,1.33093e-06,-0.000118577,7.67712e-08,0.0031042,4.84806e-06,-0.00833813,6.67667e-06,0.00833813,6.67667e-06,0.00441531,3.9082e-06,0.00441531,3.9082e-06,-1.68625e-05,1.10233e-08,4.73328e-06,3.09029e-09,-4.73328e-06,3.09029e-09,0.0133073,6.75828e-06,0.00126525,7.58435e-07,0.00165184,1.38245e-06,-2.424e-05,1.2733e-08,-7.88969e-07,3.16816e-10,0.000253055,3.73736e-07,-0.000679727,4.20804e-07,0.000679727,4.20804e-07,0.000359938,2.60938e-07,0.000359938,2.60938e-07,-1.37464e-06,5.6581e-10,3.85858e-07,1.58312e-10,-3.85858e-07,1.58312e-10,3.03865,10000000,1
,0.3,0.190159,0.000149399,0.124131,0.000121519,-0.00182156,1.33093e-06,-0.000118577,7.67712e-08,0.00325956,5.0907e-06,-0.00875545,7.01084e-06,0.00875545,7.01084e-06,0.0046363,4.1038e-06,0.0046363,4.1038e-06,-1.77065e-05,1.1575e-08,4.97018e-06,3.24496e-09,-4.97018e-06,3.24496e-09,0.0133073,6.75828e-06,0.00126525,7.58435e-07,0.00165184,1.38245e-06,-2.424e-05,1.2733e-08,-7.88969e-07,3.16816e-10,0.000253055,3.73736e-07,-0.000679727,4.20804e-07,0.000679727,4.20804e-07,0.000359938,2.60938e-07,0.000359938,2.60938e-07,-1.37464e-06,5.6581e-10,3.85858e-07,1.58312e-10,-3.85858e-07,1.58312e-10,3.49943,10000000,1
,0.35,0.190159,0.000149399,0.124131,0.000121519,-0.00182156,1.33093e-06,-0.000118577,7.67712e-08,0.00340803,5.32257e-06,-0.00915425,7.33017e-06,0.00915425,7.33017e-06,0.00484747,4.29072e-06,0.00484747,4.29072e-06,-1.8513e-05,1.21023e-08,5.19656e-06,3.39276e-09,-5.19656e-06,3.39276e-09,0.0133073,6.75828e-06,0.00126525,7.58435e-07,0.00165184,1.38245e-06,-2.424e-05,1.2733e-08,-7.88969e-07,3.16816e-10,0.000253055,3.73736e-07,-0.000679727,4.20804e-07,0.000679727,4.20804e-07,0.000359938,2.60938e-07,0.000359938,2.60938e-07,-1.37464e-06,5.6581e-10,3.85858e-07,1.58312e-10,-3.85858e-07,1.58312e-10,3.73128,10000000,1
,0.4,0.190159,0.000149399,0.124131,0.000121519,-0.00182156,1.33093e-06,-0.000118577,7.67712e-08,0.00355009,5.54445e-06,-0.00953585,7.63573e-06,0.00953585,7.63573e-06,0.00504954,4.46958e-06,0.00504954,4.46958e-06,-1.92847e-05,1.26067e-08,5.41318e-06,3.53419e-09,-5.41318e-06,3.53419e-09,0.0133073,6.75828e-06,0.00126525,7.58435e-07,0.00165184,1.38245e-06,-2.424e-05,1.2733e-08,-7.88969e-07,3.16816e-10,0.000253055,3.73736e-07,-0.000679727,4.20804e-07,0.000679727,4.20804e-07,0.000359938,2.60938e-07,0.000359938,2.60938e-07,-1.37464e-06,5.6581e-10,3.85858e-07,1.58312e-10,-3.85858e-07,1.58312e-10,3.96415,10000000,1
,0.45,0.190159,0.000149399,0.124131,0.000121519,-0.00182156,1.33093e-06,-0.000118577,7.67712e-08,0.00369205,5.76616e-06,-0.00991716,7.94106e-06,0.00991716,7.94106e-06,0.00525146,4.64831e-06,0.00525146,4.64831e-06,-2.00559e-05,1.31109e-08,5.62964e-06,3.67552e-09,-5.62964e-06,3.67552e-09,0.0133073,6.75828e-06,0.00126525,7.58435e-07,0.00165184,1.38245e-06,-2.424e-05,1.2733e-08,-7.88969e-07,3.16816e-10,0.000253055,3.73736e-07,-0.000679727,4.20804e-07,0.000679727,4.20804e-07,0.000359938,2.60938e-07,0.000359938,2.60938e-07,-1.37464e-06,5.6581e-10,3.85858e-07,1.58312e-10,-3.85858e-07,1.58312e-10,4.17538,10000000,1
,0.5,0.190159,0.000149399,0.124131,0.000121519,-0.00182156,1.33093e-06,-0.000118577,7.67712e-08,0.00383259,5.98564e-06,-0.0102947,8.24334e-06,0.0102947,8.24334e-06,0.00545136,4.82525e-06,0.00545136,4.82525e-06,-2.08193e-05,1.36099e-08,5.84393e-06,3.81543e-09,-5.84393e-06,3.81543e-09,0.0133073,6.75828e-06,0.00126525,7.58435e-07,0.00165184,1.38245e-06,-2.424e-05,1.2733e-08,-7.88969e-07,3.16816e-10,0.000253055,3.73736e-07,-0.000679727,4.20804e-07,0.000679727,4.20804e-07,0.000359938,2.60938e-07,0.000359938,2.60938e-07,-1.37464e-06,5.6581e-10,3.85858e-07,1.58312e-10,-3.85858e-07,1.58312e-10,4.07211,10000000,1
,0.55,0.190159,0.000149399,0.124131,0.000121519,-0.00182156,1.33093e-06,-0.000118577,7.67712e-08,0.00395425,6.17565e-06,-0.0106215,8.50502e-06,0.0106215,8.50502e-06,0.0056244,4.97842e-06,0.0056244,4.97842e-06,-2.14802e-05,1.4042e-08,6.02945e-06,3.93654e-09,-6.02945e-06,3.93654e-09,0.0133073,6.75828e-06,0.00126525,7.58435e-07,0.00165184,1.38245e-06,-2.424e-05,1.2733e-08,-7.88969e-07,3.16816e-10,0.000253055,3.73736e-07,-0.000679727,4.20804e-07,0.000679727,4.20804e-07,0.000359938,2.60938e-07,0.000359938,2.60938e-07,-1.37464e-06,5.6581e-10,3.85858e-07,1.58312e-10,-3.85858e-07,1.58312e-10,4.07798,10000000,1
,0.6,0.190159,0.000149399,0.124131,0.000121519,-0.00182156,1.33093e-06,-0.000118577,7.67712e-08,0.00402923,6.29275e-06,-0.0108228,8.66627e-06,0.0108228,8.66627e-06,0.00573104,5.07282e-06,0.00573104,5.07282e-06,-2.18875e-05,1.43082e-08,6.14377e-06,4.01118e-09,-6.14377e-06,4.01118e-09,0.0133073,6.75828e-06,0.00126525,7.58435e-07,0.00165184,1.38245e-06,-2.424e-05,1.2733e-08,-7.88969e-07,3.16816e-10,0.000253055,3.73736e-07,-0.000679727,4.20804e-07,0.000679727,4.20804e-07,0.000359938,2.60938e-07,0.000359938,2.60938e-07,-1.37464e-06,5.6581e-10,3.85858e-07,1.58312e-10,-3.85858e-07,1.58312e-10,4.21556,10000000,1
,0.65,0.190159,0.000149399,0.124131,0.000121519,-0.00182156,1.33093e-06,-0.000118577,7.67712e-08,0.00403203,6.29713e-06,-0.0108304,8.67231e-06,0.0108304,8.67231e-06,0.00573504,5.07635e-06,0.00573504,5.07635e-06,-2.19027e-05,1.43182e-08,6.14805e-06,4.01398e-09,-6.14805e-06,4.01398e-09,0.0133073,6.75828e-06,0.00126525,7.58435e-07,0.00165184,1.38245e-06,-2.424e-05,1.2733e-08,-7.88969e-07,3.16816e-10,0.000253055,3.73736e-07,-0.000679727,4.20804e-07,0.000679727,4.20804e-07,0.000359938,2.60938e-07,0.000359938,2.60938e-07,-1.37464e-06,5.6581e-10,3.85858e-07,1.58312e-10,-3.85858e-07,1.58312e-10,3.36695,10000000,1
,0.7,0.190159,0.000149399,0.124131,0.000121519,-0.00182156,1.33093e-06,-0.000118577,7.67712e-08,0.00394723,6.16468e-06,-0.0106026,8.48991e-06,0.0106026,8.48991e-06,0.00561441,4.96958e-06,0.00561441,4.96958e-06,-2.1442e-05,1.4017e-08,6.01873e-06,3.92955e-09,-6.01873e-06,3.92955e-09,0.0133073,6.75828e-06,0.00126525,7.58435e-07,0.00165184,1.38245e-06,-2.424e-05,1.2733e-08,-7.88969e-07,3.16816e-10,0.000253055,3.73736e-07,-0.000679727,4.20804e-07,0.000679727,4.20804e-07,0.000359938,2.60938e-07,0.000359938,2.60938e-07,-1.37464e-06,5.6581e-10,3.85858e-07,1.58312e-10,-3.85858e-07,1.58312e-10,3.94406,10000000,1
,0.75,0.190159,0.000149399,0.124131,0.000121519,-0.00182156,1.33093e-06,-0.000118577,7.67712e-08,0.0037824,5.90725e-06,-0.0101598,8.13538e-06,0.0101598,8.13538e-06,0.00537996,4.76206e-06,0.00537996,4.76206e-06,-2.05467e-05,1.34317e-08,5.7674e-06,3.76546e-09,-5.7674e-06,3.76546e-09,0.0133073,6.75828e-06,0.00126525,7.58435e-07,0.00165184,1.38245e-06,-2.424e-05,1.2733e-08,-7.88969e-07,3.16816e-10,0.000253055,3.73736e-07,-0.000679727,4.20804e-07,0.000679727,4.20804e-07,0.000359938,2.60938e-07,0.000359938,2.60938e-07,-1.37464e-06,5.6581e-10,3.85858e-07,1.58312e-10,-3.85858e-07,1.58312e-10,3.21426,10000000,1
,0.8,0.190159,0.000149399,0.124131,0.000121519,-0.00182156,1.33093e-06,-0.000118577,7.67712e-08,0.00356306,5.5647e-06,-0.00957068,7.66362e-06,0.00957068,7.66362e-06,0.00506798,4.48591e-06,0.00506798,4.48591e-06,-1.93552e-05,1.26528e-08,5.43296e-06,3.5471e-09,-5.43296e-06,3.5471e-09,0.0133073,6.75828e-06,0.00126525,7.58435e-07,0.00165184,1.38245e-06,-2.424e-05,1.2733e-08,-7.88969e-07,3.16816e-10,0.000253055,3.73736e-07,-0.000679727,4.20804e-07,0.000679727,4.20804e-07,0.000359938,2.60938e-07,0.000359938,2.60938e-07,-1.37464e-06,5.6581e-10,3.85858e-07,1.58312e-10,-3.85858e-07,1.58312e-10,3.55305,10000000,1
