z2,<dsig|1;0>,err[1],<dsig|2;0>,err[2],<ALL|0;0>,err[3],<ALL|1;0>,err[4],<dsig|0;1>,err[5],<dsig|1;-1>,err[6],<dsig|1;1>,err[7],<dsig|2;1>,err[8],<dsig|2;-1>,err[9],<ALL|0;1>,err[10],<ALL|1;-1>,err[11],<ALL|1;1>,err[12],AUzi,err[13],AUcfqzi,err[14],AUc2fqzi,err[15],ALzi,err[16],ALcfqzi,err[17],BUcf12zi,err[18],BUcfqmf12zi,err[19],BUcfqpf12zi,err[20],BUc2fqmf12zi,err[21],BUc2fqpf12zi,err[22],BLcf12zi,err[23],BLcfqmf12zi,err[24],BLcfqpf12zi,err[25],time[s],neval,fail
,0.1,0.18758,0.000142889,0.0826304,8.02403e-05,-0.00151807,1.05327e-06,-6.82965e-05,4.19018e-08,0.0220115,1.71892e-05,-0.0216809,1.75897e-05,0.0216809,1.75897e-05,0.00628677,5.50476e-06,0.00628677,5.50476e-06,-3.51571e-05,2.1802e-08,6.59581e-06,4.1722e-09,-6.59581e-06,4.1722e-09,0.0434033,2.13836e-05,0.0040708,2.36503e-06,0.00358643,3.00118e-06,-6.58893e-05,3.2189e-08,-1.48215e-06,5.41929e-10,0.00250361,1.51692e-06,-0.002466,1.58954e-06,0.002466,1.58954e-06,0.000715063,5.17602e-07,0.000715063,5.17602e-07,-3.9988e-06,1.50599e-09,7.50213e-07,2.97635e-10,-7.50213e-07,2.97635e-10,2.86081,10000000,1
,0.15,0.18758,0.000142889,0.0826304,8.02403e-05,-0.00151807,1.05327e-06,-6.82965e-05,4.19018e-08,0.0214394,1.67425e-05,-0.0211174,1.71326e-05,0.0211174,1.71326e-05,0.00612338,5.36169e-06,0.00612338,5.36169e-06,-3.42434e-05,2.12353e-08,6.42438e-06,4.06376e-09,-6.42438e-06,4.06376e-09,0.0434033,2.13836e-05,0.0040708,2.36503e-06,0.00358643,3.00118e-06,-6.58893e-05,3.2189e-08,-1.48215e-06,5.41929e-10,0.00250361,1.51692e-06,-0.002466,1.58954e-06,0.002466,1.58954e-06,0.000715063,5.17602e-07,0.000715063,5.17602e-07,-3.9988e-06,1.50599e-09,7.50213e-07,2.97635e-10,-7.50213e-07,2.97635e-10,2.86637,10000000,1
,0.2,0.18758,0.000142889,0.0826304,8.02403e-05,-0.00151807,1.05327e-06,-6.82965e-05,4.19018e-08,0.021848,1.70616e-05,-0.0215199,1.74591e-05,0.0215199,1.74591e-05,0.00624008,5.46387e-06,0.00624008,5.46387e-06,-3.4896e-05,2.16401e-08,6.54682e-06,4.14121e-09,-6.54682e-06,4.14121e-09,0.0434033,2.13836e-05,0.0040708,2.36503e-06,0.00358643,3.00118e-06,-6.58893e-05,3.2189e-08,-1.48215e-06,5.41929e-10,0.00250361,1.51692e-06,-0.002466,1.58954e-06,0.002466,1.58954e-06,0.000715063,5.17602e-07,0.000715063,5.17602e-07,-3.9988e-06,1.50599e-09,7.50213e-07,2.97635e-10,-7.50213e-07,2.97635e-10,2.86074,10000000,1
,0.25,0.18758,0.000142889,0.0826304,8.02403e-05,-0.00151807,1.05327e-06,-6.82965e-05,4.19018e-08,0.0230751,1.80198e-05,-0.0227285,1.84397e-05,0.0227285,1.84397e-05,0.00659054,5.77074e-06,0.00659054,5.77074e-06,-3.68559e-05,2.28554e-08,6.91451e-06,4.3738e-09,-6.91451e-06,4.3738e-09,0.0434033,2.13836e-05,0.0040708,2.36503e-06,0.00358643,3.00118e-06,-6.58893e-05,3.2189e-08,-1.48215e-06,5.41929e-10,0.00250361,1.51692e-06,-0.002466,1.58954e-06,0.002466,1.58954e-06,0.000715063,5.17602e-07,0.000715063,5.17602e-07,-3.9988e-06,1.50599e-09,7.50213e-07,2.97635e-10,-7.50213e-07,2.97635e-10,2.91071,10000000,1
,0.3,0.18758,0.000142889,0.0826304,8.02403e-05,-0.00151807,1.05327e-06,-6.82965e-05,4.19018e-08,0.0247321,1.93138e-05,-0.0243606,1.97638e-05,0.0243606,1.97638e-05,0.00706381,6.18514e-06,0.00706381,6.18514e-06,-3.95025e-05,2.44967e-08,7.41104e-06,4.68788e-09,-7.41104e-06,4.68788e-09,0.0434033,2.13836e-05,0.0040708,2.36503e-06,0.00358643,3.00118e-06,-6.58893e-05,3.2189e-08,-1.48215e-06,5.41929e-10,0.00250361,1.51692e-06,-0.002466,1.58954e-06,0.002466,1.58954e-06,0.000715063,5.17602e-07,0.000715063,5.17602e-07,-3.9988e-06,1.50599e-09,7.50213e-07,2.97635e-10,-7.50213e-07,2.97635e-10,2.88406,10000000,1
,0.35,0.18758,0.000142889,0.0826304,8.02403e-05,-0.00151807,1.05327e-06,-6.82965e-05,4.19018e-08,0.0264839,2.06818e-05,-0.0260861,2.11637e-05,0.0260861,2.11637e-05,0.00756413,6.62323e-06,0.00756413,6.62323e-06,-4.23004e-05,2.62318e-08,7.93596e-06,5.01992e-09,-7.93596e-06,5.01992e-09,0.0434033,2.13836e-05,0.0040708,2.36503e-06,0.00358643,3.00118e-06,-6.58893e-05,3.2189e-08,-1.48215e-06,5.41929e-10,0.00250361,1.51692e-06,-0.002466,1.58954e-06,0.002466,1.58954e-06,0.000715063,5.17602e-07,0.000715063,5.17602e-07,-3.9988e-06,1.50599e-09,7.50213e-07,2.97635e-10,-7.50213e-07,2.97635e-10,3.06713,10000000,1
,0.4,0.18758,0.000142889,0.0826304,8.02403e-05,-0.00151807,1.05327e-06,-6.82965e-05,4.19018e-08,0.0281663,2.19956e-05,-0.0277432,2.25081e-05,0.0277432,2.25081e-05,0.00804464,7.04397e-06,0.00804464,7.04397e-06,-4.49875e-05,2.78981e-08,8.44009e-06,5.33881e-09,-8.44009e-06,5.33881e-09,0.0434033,2.13836e-05,0.0040708,2.36503e-06,0.00358643,3.00118e-06,-6.58893e-05,3.2189e-08,-1.48215e-06,5.41929e-10,0.00250361,1.51692e-06,-0.002466,1.58954e-06,0.002466,1.58954e-06,0.000715063,5.17602e-07,0.000715063,5.17602e-07,-3.9988e-06,1.50599e-09,7.50213e-07,2.97635e-10,-7.50213e-07,2.97635e-10,3.36057,10000000,1
,0.45,0.18758,0.000142889,0.0826304,8.02403e-05,-0.00151807,1.05327e-06,-6.82965e-05,4.19018e-08,0.0297659,2.32448e-05,-0.0293188,2.37864e-05,0.0293188,2.37864e-05,0.00850153,7.44402e-06,0.00850153,7.44402e-06,-4.75426e-05,2.94826e-08,8.91944e-06,5.64202e-09,-8.91944e-06,5.64202e-09,0.0434033,2.13836e-05,0.0040708,2.36503e-06,0.00358643,3.00118e-06,-6.58893e-05,3.2189e-08,-1.48215e-06,5.41929e-10,0.00250361,1.51692e-06,-0.002466,1.58954e-06,0.002466,1.58954e-06,0.000715063,5.17602e-07,0.000715063,5.17602e-07,-3.9988e-06,1.50599e-09,7.50213e-07,2.97635e-10,-7.50213e-07,2.97635e-10,3.16542,10000000,1
,0.5,0.18758,0.000142889,0.0826304,8.02403e-05,-0.00151807,1.05327e-06,-6.82965e-05,4.19018e-08,0.0313535,2.44846e-05,-0.0308826,2.50551e-05,0.0308826,2.50551e-05,0.00895497,7.84106e-06,0.00895497,7.84106e-06,-5.00783e-05,3.10551e-08,9.39516e-06,5.94294e-09,-9.39516e-06,5.94294e-09,0.0434033,2.13836e-05,0.0040708,2.36503e-06,0.00358643,3.00118e-06,-6.58893e-05,3.2189e-08,-1.48215e-06,5.41929e-10,0.00250361,1.51692e-06,-0.002466,1.58954e-06,0.002466,1.58954e-06,0.000715063,5.17602e-07,0.000715063,5.17602e-07,-3.9988e-06,1.50599e-09,7.50213e-07,2.97635e-10,-7.50213e-07,2.97635e-10,3.75346,10000000,1
,0.55,0.18758,0.000142889,0.0826304,8.02403e-05,-0.00151807,1.05327e-06,-6.82965e-05,4.19018e-08,0.0329825,2.57567e-05,-0.0324871,2.63568e-05,0.0324871,2.63568e-05,0.00942023,8.24845e-06,0.00942023,8.24845e-06,-5.26802e-05,3.26686e-08,9.8833e-06,6.25172e-09,-9.8833e-06,6.25172e-09,0.0434033,2.13836e-05,0.0040708,2.36503e-06,0.00358643,3.00118e-06,-6.58893e-05,3.2189e-08,-1.48215e-06,5.41929e-10,0.00250361,1.51692e-06,-0.002466,1.58954e-06,0.002466,1.58954e-06,0.000715063,5.17602e-07,0.000715063,5.17602e-07,-3.9988e-06,1.50599e-09,7.50213e-07,2.97635e-10,-7.50213e-07,2.97635e-10,3.79568,10000000,1
,0.6,0.18758,0.000142889,0.0826304,8.02403e-05,-0.00151807,1.05327e-06,-6.82965e-05,4.19018e-08,0.0346076,2.70258e-05,-0.0340878,2.76555e-05,0.0340878,2.76555e-05,0.00988439,8.65486e-06,0.00988439,8.65486e-06,-5.52758e-05,3.42782e-08,1.03703e-05,6.55975e-09,-1.03703e-05,6.55975e-09,0.0434033,2.13836e-05,0.0040708,2.36503e-06,0.00358643,3.00118e-06,-6.58893e-05,3.2189e-08,-1.48215e-06,5.41929e-10,0.00250361,1.51692e-06,-0.002466,1.58954e-06,0.002466,1.58954e-06,0.000715063,5.17602e-07,0.000715063,5.17602e-07,-3.9988e-06,1.50599e-09,7.50213e-07,2.97635e-10,-7.50213e-07,2.97635e-10,4.2985,10000000,1
,0.65,0.18758,0.000142889,0.0826304,8.02403e-05,-0.00151807,1.05327e-06,-6.82965e-05,4.19018e-08,0.0360806,2.8176e-05,-0.0355387,2.88326e-05,0.0355387,2.88326e-05,0.0103051,9.02323e-06,0.0103051,9.02323e-06,-5.76285e-05,3.57372e-08,1.08116e-05,6.83895e-09,-1.08116e-05,6.83895e-09,0.0434033,2.13836e-05,0.0040708,2.36503e-06,0.00358643,3.00118e-06,-6.58893e-05,3.2189e-08,-1.48215e-06,5.41929e-10,0.00250361,1.51692e-06,-0.002466,1.58954e-06,0.002466,1.58954e-06,0.000715063,5.17602e-07,0.000715063,5.17602e-07,-3.9988e-06,1.50599e-09,7.50213e-07,2.97635e-10,-7.50213e-07,2.97635e-10,4.10158,10000000,1
,0.7,0.18758,0.000142889,0.0826304,8.02403e-05,-0.00151807,1.05327e-06,-6.82965e-05,4.19018e-08,0.0372066,2.90553e-05,-0.0366477,2.97324e-05,0.0366477,2.97324e-05,0.0106267,9.30483e-06,0.0106267,9.30483e-06,-5.94269e-05,3.68524e-08,1.1149e-05,7.05237e-09,-1.1149e-05,7.05237e-09,0.0434033,2.13836e-05,0.0040708,2.36503e-06,0.00358643,3.00118e-06,-6.58893e-05,3.2189e-08,-1.48215e-06,5.41929e-10,0.00250361,1.51692e-06,-0.002466,1.58954e-06,0.002466,1.58954e-06,0.000715063,5.17602e-07,0.000715063,5.17602e-07,-3.9988e-06,1.50599e-09,7.50213e-07,2.97635e-10,-7.50213e-07,2.97635e-10,3.82156,10000000,1
,0.75,0.18758,0.000142889,0.0826304,8.02403e-05,-0.00151807,1.05327e-06,-6.82965e-05,4.19018e-08,0.0378001,2.95188e-05,-0.0372324,3.02066e-05,0.0372324,3.02066e-05,0.0107962,9.45326e-06,0.0107962,9.45326e-06,-6.03749e-05,3.74403e-08,1.13269e-05,7.16487e-09,-1.13269e-05,7.16487e-09,0.0434033,2.13836e-05,0.0040708,2.36503e-06,0.00358643,3.00118e-06,-6.58893e-05,3.2189e-08,-1.48215e-06,5.41929e-10,0.00250361,1.51692e-06,-0.002466,1.58954e-06,0.002466,1.58954e-06,0.000715063,5.17602e-07,0.000715063,5.17602e-07,-3.9988e-06,1.50599e-09,7.50213e-07,2.97635e-10,-7.50213e-07,2.97635e-10,4.21554,10000000,1
,0.8,0.18758,0.000142889,0.0826304,8.02403e-05,-0.00151807,1.05327e-06,-6.82965e-05,4.19018e-08,0.037757,2.94852e-05,-0.0371899,3.01722e-05,0.0371899,3.01722e-05,0.0107839,9.44248e-06,0.0107839,9.44248e-06,-6.0306e-05,3.73976e-08,1.1314e-05,7.1567e-09,-1.1314e-05,7.1567e-09,0.0434033,2.13836e-05,0.0040708,2.36503e-06,0.00358643,3.00118e-06,-6.58893e-05,3.2189e-08,-1.48215e-06,5.41929e-10,0.00250361,1.51692e-06,-0.002466,1.58954e-06,0.002466,1.58954e-06,0.000715063,5.17602e-07,0.000715063,5.17602e-07,-3.9988e-06,1.50599e-09,7.50213e-07,2.97635e-10,-7.50213e-07,2.97635e-10,3.98813,10000000,1
