z2,<dsig|1;0>,err[1],<dsig|2;0>,err[2],<ALL|0;0>,err[3],<ALL|1;0>,err[4],<dsig|0;1>,err[5],<dsig|1;-1>,err[6],<dsig|1;1>,err[7],<dsig|2;1>,err[8],<dsig|2;-1>,err[9],<ALL|0;1>,err[10],<ALL|1;-1>,err[11],<ALL|1;1>,err[12],AUzi,err[13],AUcfqzi,err[14],AUc2fqzi,err[15],ALzi,err[16],ALcfqzi,err[17],BUcf12zi,err[18],BUcfqmf12zi,err[19],BUcfqpf12zi,err[20],BUc2fqmf12zi,err[21],BUc2fqpf12zi,err[22],BLcf12zi,err[23],BLcfqmf12zi,err[24],BLcfqpf12zi,err[25],time[s],neval,fail
0.1,0.19012,0.000149986,0.12395,0.000121802,-0.00183432,1.34366e-06,-0.00011879,7.72061e-08,0.00257126,4.0151e-06,-0.0068841,5.53462e-06,0.0068841,5.53462e-06,0.00364322,3.23737e-06,0.00364322,3.23737e-06,-1.39981e-05,9.1806e-09,3.91471e-06,2.56546e-09,-3.91471e-06,2.56546e-09,0.0137153,6.99187e-06,0.00130377,7.84957e-07,0.0017,1.42816e-06,-2.51583e-05,1.32335e-08,-8.14617e-07,3.28421e-10,0.000261538,3.86022e-07,-0.000700221,4.35314e-07,0.000700221,4.35314e-07,0.000370573,2.69712e-07,0.000370573,2.69712e-07,-1.42383e-06,5.87492e-10,3.98187e-07,1.63977e-10,-3.98187e-07,1.63977e-10,2.88559,10000000,1
0.15,0.19012,0.000149986,0.12395,0.000121802,-0.00183432,1.34366e-06,-0.00011879,7.72061e-08,0.00259686,4.05508e-06,-0.00695265,5.58973e-06,0.00695265,5.58973e-06,0.0036795,3.26961e-06,0.0036795,3.26961e-06,-1.41375e-05,9.27202e-09,3.95369e-06,2.59101e-09,-3.95369e-06,2.59101e-09,0.0137153,6.99187e-06,0.00130377,7.84957e-07,0.0017,1.42816e-06,-2.51583e-05,1.32335e-08,-8.14617e-07,3.28421e-10,0.000261538,3.86022e-07,-0.000700221,4.35314e-07,0.000700221,4.35314e-07,0.000370573,2.69712e-07,0.000370573,2.69712e-07,-1.42383e-06,5.87492e-10,3.98187e-07,1.63977e-10,-3.98187e-07,1.63977e-10,2.88757,10000000,1
0.2,0.19012,0.000149986,0.12395,0.000121802,-0.00183432,1.34366e-06,-0.00011879,7.72061e-08,0.00268712,4.19602e-06,-0.00719429,5.78401e-06,0.00719429,5.78401e-06,0.00380738,3.38324e-06,0.00380738,3.38324e-06,-1.46289e-05,9.59427e-09,4.0911e-06,2.68106e-09,-4.0911e-06,2.68106e-09,0.0137153,6.99187e-06,0.00130377,7.84957e-07,0.0017,1.42816e-06,-2.51583e-05,1.32335e-08,-8.14617e-07,3.28421e-10,0.000261538,3.86022e-07,-0.000700221,4.35314e-07,0.000700221,4.35314e-07,0.000370573,2.69712e-07,0.000370573,2.69712e-07,-1.42383e-06,5.87492e-10,3.98187e-07,1.63977e-10,-3.98187e-07,1.63977e-10,2.88913,10000000,1
0.25,0.19012,0.000149986,0.12395,0.000121802,-0.00183432,1.34366e-06,-0.00011879,7.72061e-08,0.00282602,4.41291e-06,-0.00756617,6.08299e-06,0.00756617,6.08299e-06,0.00400419,3.55813e-06,0.00400419,3.55813e-06,-1.5385e-05,1.00902e-08,4.30257e-06,2.81965e-09,-4.30257e-06,2.81965e-09,0.0137153,6.99187e-06,0.00130377,7.84957e-07,0.0017,1.42816e-06,-2.51583e-05,1.32335e-08,-8.14617e-07,3.28421e-10,0.000261538,3.86022e-07,-0.000700221,4.35314e-07,0.000700221,4.35314e-07,0.000370573,2.69712e-07,0.000370573,2.69712e-07,-1.42383e-06,5.87492e-10,3.98187e-07,1.63977e-10,-3.98187e-07,1.63977e-10,3.17694,10000000,1
0.3,0.19012,0.000149986,0.12395,0.000121802,-0.00183432,1.34366e-06,-0.00011879,7.72061e-08,0.00298098,4.65489e-06,-0.00798106,6.41655e-06,0.00798106,6.41655e-06,0.00422376,3.75323e-06,0.00422376,3.75323e-06,-1.62287e-05,1.06435e-08,4.53851e-06,2.97426e-09,-4.53851e-06,2.97426e-09,0.0137153,6.99187e-06,0.00130377,7.84957e-07,0.0017,1.42816e-06,-2.51583e-05,1.32335e-08,-8.14617e-07,3.28421e-10,0.000261538,3.86022e-07,-0.000700221,4.35314e-07,0.000700221,4.35314e-07,0.000370573,2.69712e-07,0.000370573,2.69712e-07,-1.42383e-06,5.87492e-10,3.98187e-07,1.63977e-10,-3.98187e-07,1.63977e-10,2.87717,10000000,1
0.35,0.19012,0.000149986,0.12395,0.000121802,-0.00183432,1.34366e-06,-0.00011879,7.72061e-08,0.00313139,4.88976e-06,-0.00838375,6.7403e-06,0.00838375,6.7403e-06,0.00443687,3.94261e-06,0.00443687,3.94261e-06,-1.70475e-05,1.11805e-08,4.7675e-06,3.12433e-09,-4.7675e-06,3.12433e-09,0.0137153,6.99187e-06,0.00130377,7.84957e-07,0.0017,1.42816e-06,-2.51583e-05,1.32335e-08,-8.14617e-07,3.28421e-10,0.000261538,3.86022e-07,-0.000700221,4.35314e-07,0.000700221,4.35314e-07,0.000370573,2.69712e-07,0.000370573,2.69712e-07,-1.42383e-06,5.87492e-10,3.98187e-07,1.63977e-10,-3.98187e-07,1.63977e-10,2.92693,10000000,1
0.4,0.19012,0.000149986,0.12395,0.000121802,-0.00183432,1.34366e-06,-0.00011879,7.72061e-08,0.00327406,5.11255e-06,-0.00876573,7.0474e-06,0.00876573,7.0474e-06,0.00463902,4.12224e-06,0.00463902,4.12224e-06,-1.78242e-05,1.16899e-08,4.98472e-06,3.26668e-09,-4.98472e-06,3.26668e-09,0.0137153,6.99187e-06,0.00130377,7.84957e-07,0.0017,1.42816e-06,-2.51583e-05,1.32335e-08,-8.14617e-07,3.28421e-10,0.000261538,3.86022e-07,-0.000700221,4.35314e-07,0.000700221,4.35314e-07,0.000370573,2.69712e-07,0.000370573,2.69712e-07,-1.42383e-06,5.87492e-10,3.98187e-07,1.63977e-10,-3.98187e-07,1.63977e-10,2.93453,10000000,1
0.45,0.19012,0.000149986,0.12395,0.000121802,-0.00183432,1.34366e-06,-0.00011879,7.72061e-08,0.0034139,5.33091e-06,-0.00914013,7.3484e-06,0.00914013,7.3484e-06,0.00483716,4.2983e-06,0.00483716,4.2983e-06,-1.85855e-05,1.21892e-08,5.19762e-06,3.4062e-09,-5.19762e-06,3.4062e-09,0.0137153,6.99187e-06,0.00130377,7.84957e-07,0.0017,1.42816e-06,-2.51583e-05,1.32335e-08,-8.14617e-07,3.28421e-10,0.000261538,3.86022e-07,-0.000700221,4.35314e-07,0.000700221,4.35314e-07,0.000370573,2.69712e-07,0.000370573,2.69712e-07,-1.42383e-06,5.87492e-10,3.98187e-07,1.63977e-10,-3.98187e-07,1.63977e-10,2.92571,10000000,1
0.5,0.19012,0.000149986,0.12395,0.000121802,-0.00183432,1.34366e-06,-0.00011879,7.72061e-08,0.00355162,5.54596e-06,-0.00950884,7.64484e-06,0.00950884,7.64484e-06,0.00503229,4.4717e-06,0.00503229,4.4717e-06,-1.93353e-05,1.26809e-08,5.40729e-06,3.54361e-09,-5.40729e-06,3.54361e-09,0.0137153,6.99187e-06,0.00130377,7.84957e-07,0.0017,1.42816e-06,-2.51583e-05,1.32335e-08,-8.14617e-07,3.28421e-10,0.000261538,3.86022e-07,-0.000700221,4.35314e-07,0.000700221,4.35314e-07,0.000370573,2.69712e-07,0.000370573,2.69712e-07,-1.42383e-06,5.87492e-10,3.98187e-07,1.63977e-10,-3.98187e-07,1.63977e-10,2.8995,10000000,1
0.55,0.19012,0.000149986,0.12395,0.000121802,-0.00183432,1.34366e-06,-0.00011879,7.72061e-08,0.00367475,5.73823e-06,-0.0098385,7.90987e-06,0.0098385,7.90987e-06,0.00520675,4.62673e-06,0.00520675,4.62673e-06,-2.00056e-05,1.31206e-08,5.59475e-06,3.66646e-09,-5.59475e-06,3.66646e-09,0.0137153,6.99187e-06,0.00130377,7.84957e-07,0.0017,1.42816e-06,-2.51583e-05,1.32335e-08,-8.14617e-07,3.28421e-10,0.000261538,3.86022e-07,-0.000700221,4.35314e-07,0.000700221,4.35314e-07,0.000370573,2.69712e-07,0.000370573,2.69712e-07,-1.42383e-06,5.87492e-10,3.98187e-07,1.63977e-10,-3.98187e-07,1.63977e-10,2.89628,10000000,1
0.6,0.19012,0.000149986,0.12395,0.000121802,-0.00183432,1.34366e-06,-0.00011879,7.72061e-08,0.00376051,5.87215e-06,-0.0100681,8.09447e-06,0.0100681,8.09447e-06,0.00532827,4.73471e-06,0.00532827,4.73471e-06,-2.04725e-05,1.34268e-08,5.72533e-06,3.75203e-09,-5.72533e-06,3.75203e-09,0.0137153,6.99187e-06,0.00130377,7.84957e-07,0.0017,1.42816e-06,-2.51583e-05,1.32335e-08,-8.14617e-07,3.28421e-10,0.000261538,3.86022e-07,-0.000700221,4.35314e-07,0.000700221,4.35314e-07,0.000370573,2.69712e-07,0.000370573,2.69712e-07,-1.42383e-06,5.87492e-10,3.98187e-07,1.63977e-10,-3.98187e-07,1.63977e-10,2.89772,10000000,1
0.65,0.19012,0.000149986,0.12395,0.000121802,-0.00183432,1.34366e-06,-0.00011879,7.72061e-08,0.00378561,5.91134e-06,-0.0101353,8.14849e-06,0.0101353,8.14849e-06,0.00536383,4.7663e-06,0.00536383,4.7663e-06,-2.06091e-05,1.35164e-08,5.76354e-06,3.77707e-09,-5.76354e-06,3.77707e-09,0.0137153,6.99187e-06,0.00130377,7.84957e-07,0.0017,1.42816e-06,-2.51583e-05,1.32335e-08,-8.14617e-07,3.28421e-10,0.000261538,3.86022e-07,-0.000700221,4.35314e-07,0.000700221,4.35314e-07,0.000370573,2.69712e-07,0.000370573,2.69712e-07,-1.42383e-06,5.87492e-10,3.98187e-07,1.63977e-10,-3.98187e-07,1.63977e-10,2.88916,10000000,1
0.7,0.19012,0.000149986,0.12395,0.000121802,-0.00183432,1.34366e-06,-0.00011879,7.72061e-08,0.00373395,5.83067e-06,-0.00999699,8.0373e-06,0.00999699,8.0373e-06,0.00529063,4.70126e-06,0.00529063,4.70126e-06,-2.03279e-05,1.33319e-08,5.68488e-06,3.72553e-09,-5.68488e-06,3.72553e-09,0.0137153,6.99187e-06,0.00130377,7.84957e-07,0.0017,1.42816e-06,-2.51583e-05,1.32335e-08,-8.14617e-07,3.28421e-10,0.000261538,3.86022e-07,-0.000700221,4.35314e-07,0.000700221,4.35314e-07,0.000370573,2.69712e-07,0.000370573,2.69712e-07,-1.42383e-06,5.87492e-10,3.98187e-07,1.63977e-10,-3.98187e-07,1.63977e-10,2.88445,10000000,1
0.75,0.19012,0.000149986,0.12395,0.000121802,-0.00183432,1.34366e-06,-0.00011879,7.72061e-08,0.00360875,5.63517e-06,-0.00966179,7.7678e-06,0.00966179,7.7678e-06,0.00511324,4.54363e-06,0.00511324,4.54363e-06,-1.96463e-05,1.28849e-08,5.49427e-06,3.60061e-09,-5.49427e-06,3.60061e-09,0.0137153,6.99187e-06,0.00130377,7.84957e-07,0.0017,1.42816e-06,-2.51583e-05,1.32335e-08,-8.14617e-07,3.28421e-10,0.000261538,3.86022e-07,-0.000700221,4.35314e-07,0.000700221,4.35314e-07,0.000370573,2.69712e-07,0.000370573,2.69712e-07,-1.42383e-06,5.87492e-10,3.98187e-07,1.63977e-10,-3.98187e-07,1.63977e-10,2.89538,10000000,1
0.8,0.19012,0.000149986,0.12395,0.000121802,-0.00183432,1.34366e-06,-0.00011879,7.72061e-08,0.00343007,5.35615e-06,-0.0091834,7.38319e-06,0.0091834,7.38319e-06,0.00486006,4.31866e-06,0.00486006,4.31866e-06,-1.86735e-05,1.22469e-08,5.22223e-06,3.42233e-09,-5.22223e-06,3.42233e-09,0.0137153,6.99187e-06,0.00130377,7.84957e-07,0.0017,1.42816e-06,-2.51583e-05,1.32335e-08,-8.14617e-07,3.28421e-10,0.000261538,3.86022e-07,-0.000700221,4.35314e-07,0.000700221,4.35314e-07,0.000370573,2.69712e-07,0.000370573,2.69712e-07,-1.42383e-06,5.87492e-10,3.98187e-07,1.63977e-10,-3.98187e-07,1.63977e-10,2.8843,10000000,1
