,z2,<dsig|1;0>,err[1],<dsig|2;0>,err[2],<ALL|0;0>,err[3],<ALL|1;0>,err[4],<dsig|0;1>,err[5],<dsig|1;-1>,err[6],<dsig|1;1>,err[7],<dsig|2;1>,err[8],<dsig|2;-1>,err[9],<ALL|0;1>,err[10],<ALL|1;-1>,err[11],<ALL|1;1>,err[12],AUzi,err[13],AUcfqzi,err[14],AUc2fqzi,err[15],ALzi,err[16],ALcfqzi,err[17],BUcf12zi,err[18],BUcfqmf12zi,err[19],BUcfqpf12zi,err[20],BUc2fqmf12zi,err[21],BUc2fqpf12zi,err[22],BLcf12zi,err[23],BLcfqmf12zi,err[24],BLcfqpf12zi,err[25],time[s],neval,fail
,0.1,0.18758,0.000142889,0.0826304,8.02403e-05,-0.00151807,1.05327e-06,-6.82965e-05,4.19018e-08,0.00715877,5.59042e-06,-0.00705125,5.72068e-06,0.00705125,5.72068e-06,0.00204464,1.7903e-06,0.00204464,1.7903e-06,-1.14341e-05,7.09063e-09,2.14514e-06,1.35692e-09,-2.14514e-06,1.35692e-09,0.0434033,2.13836e-05,0.0040708,2.36503e-06,0.00358643,3.00118e-06,-6.58893e-05,3.2189e-08,-1.48215e-06,5.41929e-10,0.00250361,1.51692e-06,-0.002466,1.58954e-06,0.002466,1.58954e-06,0.000715063,5.17602e-07,0.000715063,5.17602e-07,-3.9988e-06,1.50599e-09,7.50213e-07,2.97635e-10,-7.50213e-07,2.97635e-10,2.84685,10000000,1
,0.15,0.18758,0.000142889,0.0826304,8.02403e-05,-0.00151807,1.05327e-06,-6.82965e-05,4.19018e-08,0.00708748,5.53474e-06,-0.00698102,5.66371e-06,0.00698102,5.66371e-06,0.00202427,1.77247e-06,0.00202427,1.77247e-06,-1.13202e-05,7.02001e-09,2.12378e-06,1.3434e-09,-2.12378e-06,1.3434e-09,0.0434033,2.13836e-05,0.0040708,2.36503e-06,0.00358643,3.00118e-06,-6.58893e-05,3.2189e-08,-1.48215e-06,5.41929e-10,0.00250361,1.51692e-06,-0.002466,1.58954e-06,0.002466,1.58954e-06,0.000715063,5.17602e-07,0.000715063,5.17602e-07,-3.9988e-06,1.50599e-09,7.50213e-07,2.97635e-10,-7.50213e-07,2.97635e-10,2.83456,10000000,1
,0.2,0.18758,0.000142889,0.0826304,8.02403e-05,-0.00151807,1.05327e-06,-6.82965e-05,4.19018e-08,0.0072614,5.67057e-06,-0.00715233,5.80269e-06,0.00715233,5.80269e-06,0.00207395,1.81597e-06,0.00207395,1.81597e-06,-1.1598e-05,7.19228e-09,2.1759e-06,1.37637e-09,-2.1759e-06,1.37637e-09,0.0434033,2.13836e-05,0.0040708,2.36503e-06,0.00358643,3.00118e-06,-6.58893e-05,3.2189e-08,-1.48215e-06,5.41929e-10,0.00250361,1.51692e-06,-0.002466,1.58954e-06,0.002466,1.58954e-06,0.000715063,5.17602e-07,0.000715063,5.17602e-07,-3.9988e-06,1.50599e-09,7.50213e-07,2.97635e-10,-7.50213e-07,2.97635e-10,2.85558,10000000,1
,0.25,0.18758,0.000142889,0.0826304,8.02403e-05,-0.00151807,1.05327e-06,-6.82965e-05,4.19018e-08,0.00763742,5.9642e-06,-0.0075227,6.10317e-06,0.0075227,6.10317e-06,0.00218134,1.91001e-06,0.00218134,1.91001e-06,-1.21986e-05,7.56471e-09,2.28857e-06,1.44764e-09,-2.28857e-06,1.44764e-09,0.0434033,2.13836e-05,0.0040708,2.36503e-06,0.00358643,3.00118e-06,-6.58893e-05,3.2189e-08,-1.48215e-06,5.41929e-10,0.00250361,1.51692e-06,-0.002466,1.58954e-06,0.002466,1.58954e-06,0.000715063,5.17602e-07,0.000715063,5.17602e-07,-3.9988e-06,1.50599e-09,7.50213e-07,2.97635e-10,-7.50213e-07,2.97635e-10,2.85198,10000000,1
,0.3,0.18758,0.000142889,0.0826304,8.02403e-05,-0.00151807,1.05327e-06,-6.82965e-05,4.19018e-08,0.00809864,6.32438e-06,-0.007977,6.47174e-06,0.007977,6.47174e-06,0.00231308,2.02535e-06,0.00231308,2.02535e-06,-1.29353e-05,8.02155e-09,2.42678e-06,1.53507e-09,-2.42678e-06,1.53507e-09,0.0434033,2.13836e-05,0.0040708,2.36503e-06,0.00358643,3.00118e-06,-6.58893e-05,3.2189e-08,-1.48215e-06,5.41929e-10,0.00250361,1.51692e-06,-0.002466,1.58954e-06,0.002466,1.58954e-06,0.000715063,5.17602e-07,0.000715063,5.17602e-07,-3.9988e-06,1.50599e-09,7.50213e-07,2.97635e-10,-7.50213e-07,2.97635e-10,2.9518,10000000,1
,0.35,0.18758,0.000142889,0.0826304,8.02403e-05,-0.00151807,1.05327e-06,-6.82965e-05,4.19018e-08,0.00855729,6.68255e-06,-0.00842876,6.83826e-06,0.00842876,6.83826e-06,0.00244407,2.14005e-06,0.00244407,2.14005e-06,-1.36678e-05,8.47583e-09,2.56421e-06,1.622e-09,-2.56421e-06,1.622e-09,0.0434033,2.13836e-05,0.0040708,2.36503e-06,0.00358643,3.00118e-06,-6.58893e-05,3.2189e-08,-1.48215e-06,5.41929e-10,0.00250361,1.51692e-06,-0.002466,1.58954e-06,0.002466,1.58954e-06,0.000715063,5.17602e-07,0.000715063,5.17602e-07,-3.9988e-06,1.50599e-09,7.50213e-07,2.97635e-10,-7.50213e-07,2.97635e-10,2.90195,10000000,1
,0.4,0.18758,0.000142889,0.0826304,8.02403e-05,-0.00151807,1.05327e-06,-6.82965e-05,4.19018e-08,0.00898796,7.01887e-06,-0.00885296,7.18241e-06,0.00885296,7.18241e-06,0.00256708,2.24776e-06,0.00256708,2.24776e-06,-1.43557e-05,8.9024e-09,2.69326e-06,1.70363e-09,-2.69326e-06,1.70363e-09,0.0434033,2.13836e-05,0.0040708,2.36503e-06,0.00358643,3.00118e-06,-6.58893e-05,3.2189e-08,-1.48215e-06,5.41929e-10,0.00250361,1.51692e-06,-0.002466,1.58954e-06,0.002466,1.58954e-06,0.000715063,5.17602e-07,0.000715063,5.17602e-07,-3.9988e-06,1.50599e-09,7.50213e-07,2.97635e-10,-7.50213e-07,2.97635e-10,2.86528,10000000,1
,0.45,0.18758,0.000142889,0.0826304,8.02403e-05,-0.00151807,1.05327e-06,-6.82965e-05,4.19018e-08,0.00940357,7.34343e-06,-0.00926233,7.51453e-06,0.00926233,7.51453e-06,0.00268578,2.3517e-06,0.00268578,2.3517e-06,-1.50195e-05,9.31406e-09,2.8178e-06,1.78241e-09,-2.8178e-06,1.78241e-09,0.0434033,2.13836e-05,0.0040708,2.36503e-06,0.00358643,3.00118e-06,-6.58893e-05,3.2189e-08,-1.48215e-06,5.41929e-10,0.00250361,1.51692e-06,-0.002466,1.58954e-06,0.002466,1.58954e-06,0.000715063,5.17602e-07,0.000715063,5.17602e-07,-3.9988e-06,1.50599e-09,7.50213e-07,2.97635e-10,-7.50213e-07,2.97635e-10,3.16399,10000000,1
,0.5,0.18758,0.000142889,0.0826304,8.02403e-05,-0.00151807,1.05327e-06,-6.82965e-05,4.19018e-08,0.00981877,7.66767e-06,-0.00967129,7.84633e-06,0.00967129,7.84633e-06,0.00280437,2.45553e-06,0.00280437,2.45553e-06,-1.56827e-05,9.72531e-09,2.94222e-06,1.86111e-09,-2.94222e-06,1.86111e-09,0.0434033,2.13836e-05,0.0040708,2.36503e-06,0.00358643,3.00118e-06,-6.58893e-05,3.2189e-08,-1.48215e-06,5.41929e-10,0.00250361,1.51692e-06,-0.002466,1.58954e-06,0.002466,1.58954e-06,0.000715063,5.17602e-07,0.000715063,5.17602e-07,-3.9988e-06,1.50599e-09,7.50213e-07,2.97635e-10,-7.50213e-07,2.97635e-10,3.04602,10000000,1
,0.55,0.18758,0.000142889,0.0826304,8.02403e-05,-0.00151807,1.05327e-06,-6.82965e-05,4.19018e-08,0.0102179,7.97933e-06,-0.0100644,8.16526e-06,0.0100644,8.16526e-06,0.00291836,2.55534e-06,0.00291836,2.55534e-06,-1.63201e-05,1.01206e-08,3.06181e-06,1.93676e-09,-3.06181e-06,1.93676e-09,0.0434033,2.13836e-05,0.0040708,2.36503e-06,0.00358643,3.00118e-06,-6.58893e-05,3.2189e-08,-1.48215e-06,5.41929e-10,0.00250361,1.51692e-06,-0.002466,1.58954e-06,0.002466,1.58954e-06,0.000715063,5.17602e-07,0.000715063,5.17602e-07,-3.9988e-06,1.50599e-09,7.50213e-07,2.97635e-10,-7.50213e-07,2.97635e-10,3.5618,10000000,1
,0.6,0.18758,0.000142889,0.0826304,8.02403e-05,-0.00151807,1.05327e-06,-6.82965e-05,4.19018e-08,0.0105451,8.23488e-06,-0.0103867,8.42676e-06,0.0103867,8.42676e-06,0.00301182,2.63718e-06,0.00301182,2.63718e-06,-1.68428e-05,1.04447e-08,3.15987e-06,1.99879e-09,-3.15987e-06,1.99879e-09,0.0434033,2.13836e-05,0.0040708,2.36503e-06,0.00358643,3.00118e-06,-6.58893e-05,3.2189e-08,-1.48215e-06,5.41929e-10,0.00250361,1.51692e-06,-0.002466,1.58954e-06,0.002466,1.58954e-06,0.000715063,5.17602e-07,0.000715063,5.17602e-07,-3.9988e-06,1.50599e-09,7.50213e-07,2.97635e-10,-7.50213e-07,2.97635e-10,3.8131,10000000,1
,0.65,0.18758,0.000142889,0.0826304,8.02403e-05,-0.00151807,1.05327e-06,-6.82965e-05,4.19018e-08,0.0107315,8.38043e-06,-0.0105703,8.5757e-06,0.0105703,8.5757e-06,0.00306505,2.68379e-06,0.00306505,2.68379e-06,-1.71405e-05,1.06293e-08,3.21572e-06,2.03412e-09,-3.21572e-06,2.03412e-09,0.0434033,2.13836e-05,0.0040708,2.36503e-06,0.00358643,3.00118e-06,-6.58893e-05,3.2189e-08,-1.48215e-06,5.41929e-10,0.00250361,1.51692e-06,-0.002466,1.58954e-06,0.002466,1.58954e-06,0.000715063,5.17602e-07,0.000715063,5.17602e-07,-3.9988e-06,1.50599e-09,7.50213e-07,2.97635e-10,-7.50213e-07,2.97635e-10,4.16586,10000000,1
,0.7,0.18758,0.000142889,0.0826304,8.02403e-05,-0.00151807,1.05327e-06,-6.82965e-05,4.19018e-08,0.0107173,8.36936e-06,-0.0105563,8.56438e-06,0.0105563,8.56438e-06,0.00306101,2.68025e-06,0.00306101,2.68025e-06,-1.71179e-05,1.06153e-08,3.21147e-06,2.03143e-09,-3.21147e-06,2.03143e-09,0.0434033,2.13836e-05,0.0040708,2.36503e-06,0.00358643,3.00118e-06,-6.58893e-05,3.2189e-08,-1.48215e-06,5.41929e-10,0.00250361,1.51692e-06,-0.002466,1.58954e-06,0.002466,1.58954e-06,0.000715063,5.17602e-07,0.000715063,5.17602e-07,-3.9988e-06,1.50599e-09,7.50213e-07,2.97635e-10,-7.50213e-07,2.97635e-10,3.96655,10000000,1
,0.75,0.18758,0.000142889,0.0826304,8.02403e-05,-0.00151807,1.05327e-06,-6.82965e-05,4.19018e-08,0.0104864,8.18904e-06,-0.0103289,8.37985e-06,0.0103289,8.37985e-06,0.00299506,2.6225e-06,0.00299506,2.6225e-06,-1.67491e-05,1.03866e-08,3.14228e-06,1.98766e-09,-3.14228e-06,1.98766e-09,0.0434033,2.13836e-05,0.0040708,2.36503e-06,0.00358643,3.00118e-06,-6.58893e-05,3.2189e-08,-1.48215e-06,5.41929e-10,0.00250361,1.51692e-06,-0.002466,1.58954e-06,0.002466,1.58954e-06,0.000715063,5.17602e-07,0.000715063,5.17602e-07,-3.9988e-06,1.50599e-09,7.50213e-07,2.97635e-10,-7.50213e-07,2.97635e-10,4.2822,10000000,1
,0.8,0.18758,0.000142889,0.0826304,8.02403e-05,-0.00151807,1.05327e-06,-6.82965e-05,4.19018e-08,0.010077,7.86933e-06,-0.00992565,8.05269e-06,0.00992565,8.05269e-06,0.00287812,2.52011e-06,0.00287812,2.52011e-06,-1.60951e-05,9.98109e-09,3.0196e-06,1.91006e-09,-3.0196e-06,1.91006e-09,0.0434033,2.13836e-05,0.0040708,2.36503e-06,0.00358643,3.00118e-06,-6.58893e-05,3.2189e-08,-1.48215e-06,5.41929e-10,0.00250361,1.51692e-06,-0.002466,1.58954e-06,0.002466,1.58954e-06,0.000715063,5.17602e-07,0.000715063,5.17602e-07,-3.9988e-06,1.50599e-09,7.50213e-07,2.97635e-10,-7.50213e-07,2.97635e-10,4.02399,10000000,1
