z2,<dsig|1;0>,err[1],<dsig|2;0>,err[2],<ALL|0;0>,err[3],<ALL|1;0>,err[4],<dsig|0;1>,err[5],<dsig|1;-1>,err[6],<dsig|1;1>,err[7],<dsig|2;1>,err[8],<dsig|2;-1>,err[9],<ALL|0;1>,err[10],<ALL|1;-1>,err[11],<ALL|1;1>,err[12],AUzi,err[13],AUcfqzi,err[14],AUc2fqzi,err[15],ALzi,err[16],ALcfqzi,err[17],BUcf12zi,err[18],BUcfqmf12zi,err[19],BUcfqpf12zi,err[20],BUc2fqmf12zi,err[21],BUc2fqpf12zi,err[22],BLcf12zi,err[23],BLcfqmf12zi,err[24],BLcfqpf12zi,err[25],time[s],neval,fail
0.1,0.187489,0.000145359,0.0824941,7.9764e-05,-0.00152886,1.07313e-06,-6.84304e-05,4.25613e-08,0.00788673,6.23599e-06,-0.00776041,6.34581e-06,0.00776041,6.34581e-06,0.00224956,1.97909e-06,0.00224956,1.97909e-06,-1.26564e-05,7.94239e-09,2.36606e-06,1.5088e-09,-2.36606e-06,1.5088e-09,0.0447094,2.22116e-05,0.00419127,2.49467e-06,0.00368826,3.05947e-06,-6.83543e-05,3.38939e-08,-1.52974e-06,5.7244e-10,0.00257912,1.5865e-06,-0.00253781,1.64831e-06,0.00253781,1.64831e-06,0.000735653,5.34135e-07,0.000735653,5.34135e-07,-4.13889e-06,1.58686e-09,7.73749e-07,3.09336e-10,-7.73749e-07,3.09336e-10,2.81713,10000000,1
0.15,0.187489,0.000145359,0.0824941,7.9764e-05,-0.00152886,1.07313e-06,-6.84304e-05,4.25613e-08,0.00790442,6.24998e-06,-0.00777781,6.36005e-06,0.00777781,6.36005e-06,0.00225461,1.98353e-06,0.00225461,1.98353e-06,-1.26848e-05,7.96021e-09,2.37137e-06,1.51218e-09,-2.37137e-06,1.51218e-09,0.0447094,2.22116e-05,0.00419127,2.49467e-06,0.00368826,3.05947e-06,-6.83543e-05,3.38939e-08,-1.52974e-06,5.7244e-10,0.00257912,1.5865e-06,-0.00253781,1.64831e-06,0.00253781,1.64831e-06,0.000735653,5.34135e-07,0.000735653,5.34135e-07,-4.13889e-06,1.58686e-09,7.73749e-07,3.09336e-10,-7.73749e-07,3.09336e-10,2.81097,10000000,1
0.2,0.187489,0.000145359,0.0824941,7.9764e-05,-0.00152886,1.07313e-06,-6.84304e-05,4.25613e-08,0.00813936,6.43575e-06,-0.00800899,6.54909e-06,0.00800899,6.54909e-06,0.00232162,2.04248e-06,0.00232162,2.04248e-06,-1.30618e-05,8.19681e-09,2.44185e-06,1.55713e-09,-2.44185e-06,1.55713e-09,0.0447094,2.22116e-05,0.00419127,2.49467e-06,0.00368826,3.05947e-06,-6.83543e-05,3.38939e-08,-1.52974e-06,5.7244e-10,0.00257912,1.5865e-06,-0.00253781,1.64831e-06,0.00253781,1.64831e-06,0.000735653,5.34135e-07,0.000735653,5.34135e-07,-4.13889e-06,1.58686e-09,7.73749e-07,3.09336e-10,-7.73749e-07,3.09336e-10,2.82295,10000000,1
0.25,0.187489,0.000145359,0.0824941,7.9764e-05,-0.00152886,1.07313e-06,-6.84304e-05,4.25613e-08,0.0085454,6.7568e-06,-0.00840853,6.87579e-06,0.00840853,6.87579e-06,0.00243744,2.14437e-06,0.00243744,2.14437e-06,-1.37134e-05,8.60572e-09,2.56366e-06,1.63481e-09,-2.56366e-06,1.63481e-09,0.0447094,2.22116e-05,0.00419127,2.49467e-06,0.00368826,3.05947e-06,-6.83543e-05,3.38939e-08,-1.52974e-06,5.7244e-10,0.00257912,1.5865e-06,-0.00253781,1.64831e-06,0.00253781,1.64831e-06,0.000735653,5.34135e-07,0.000735653,5.34135e-07,-4.13889e-06,1.58686e-09,7.73749e-07,3.09336e-10,-7.73749e-07,3.09336e-10,2.80421,10000000,1
0.3,0.187489,0.000145359,0.0824941,7.9764e-05,-0.00152886,1.07313e-06,-6.84304e-05,4.25613e-08,0.00901261,7.12622e-06,-0.00886825,7.25172e-06,0.00886825,7.25172e-06,0.0025707,2.26161e-06,0.0025707,2.26161e-06,-1.44632e-05,9.07622e-09,2.70383e-06,1.72419e-09,-2.70383e-06,1.72419e-09,0.0447094,2.22116e-05,0.00419127,2.49467e-06,0.00368826,3.05947e-06,-6.83543e-05,3.38939e-08,-1.52974e-06,5.7244e-10,0.00257912,1.5865e-06,-0.00253781,1.64831e-06,0.00253781,1.64831e-06,0.000735653,5.34135e-07,0.000735653,5.34135e-07,-4.13889e-06,1.58686e-09,7.73749e-07,3.09336e-10,-7.73749e-07,3.09336e-10,2.80259,10000000,1
0.35,0.187489,0.000145359,0.0824941,7.9764e-05,-0.00152886,1.07313e-06,-6.84304e-05,4.25613e-08,0.00946769,7.48605e-06,-0.00931604,7.61788e-06,0.00931604,7.61788e-06,0.00270051,2.37581e-06,0.00270051,2.37581e-06,-1.51935e-05,9.53451e-09,2.84035e-06,1.81125e-09,-2.84035e-06,1.81125e-09,0.0447094,2.22116e-05,0.00419127,2.49467e-06,0.00368826,3.05947e-06,-6.83543e-05,3.38939e-08,-1.52974e-06,5.7244e-10,0.00257912,1.5865e-06,-0.00253781,1.64831e-06,0.00253781,1.64831e-06,0.000735653,5.34135e-07,0.000735653,5.34135e-07,-4.13889e-06,1.58686e-09,7.73749e-07,3.09336e-10,-7.73749e-07,3.09336e-10,2.81132,10000000,1
0.4,0.187489,0.000145359,0.0824941,7.9764e-05,-0.00152886,1.07313e-06,-6.84304e-05,4.25613e-08,0.00989978,7.8277e-06,-0.00974122,7.96555e-06,0.00974122,7.96555e-06,0.00282376,2.48424e-06,0.00282376,2.48424e-06,-1.58869e-05,9.96966e-09,2.96999e-06,1.89391e-09,-2.96999e-06,1.89391e-09,0.0447094,2.22116e-05,0.00419127,2.49467e-06,0.00368826,3.05947e-06,-6.83543e-05,3.38939e-08,-1.52974e-06,5.7244e-10,0.00257912,1.5865e-06,-0.00253781,1.64831e-06,0.00253781,1.64831e-06,0.000735653,5.34135e-07,0.000735653,5.34135e-07,-4.13889e-06,1.58686e-09,7.73749e-07,3.09336e-10,-7.73749e-07,3.09336e-10,2.81041,10000000,1
0.45,0.187489,0.000145359,0.0824941,7.9764e-05,-0.00152886,1.07313e-06,-6.84304e-05,4.25613e-08,0.0103291,8.16713e-06,-0.0101636,8.31096e-06,0.0101636,8.31096e-06,0.0029462,2.59196e-06,0.0029462,2.59196e-06,-1.65758e-05,1.0402e-08,3.09877e-06,1.97604e-09,-3.09877e-06,1.97604e-09,0.0447094,2.22116e-05,0.00419127,2.49467e-06,0.00368826,3.05947e-06,-6.83543e-05,3.38939e-08,-1.52974e-06,5.7244e-10,0.00257912,1.5865e-06,-0.00253781,1.64831e-06,0.00253781,1.64831e-06,0.000735653,5.34135e-07,0.000735653,5.34135e-07,-4.13889e-06,1.58686e-09,7.73749e-07,3.09336e-10,-7.73749e-07,3.09336e-10,2.82241,10000000,1
0.5,0.187489,0.000145359,0.0824941,7.9764e-05,-0.00152886,1.07313e-06,-6.84304e-05,4.25613e-08,0.0107647,8.51162e-06,-0.0105923,8.66151e-06,0.0105923,8.66151e-06,0.00307047,2.70129e-06,0.00307047,2.70129e-06,-1.72749e-05,1.08407e-08,3.22948e-06,2.05939e-09,-3.22948e-06,2.05939e-09,0.0447094,2.22116e-05,0.00419127,2.49467e-06,0.00368826,3.05947e-06,-6.83543e-05,3.38939e-08,-1.52974e-06,5.7244e-10,0.00257912,1.5865e-06,-0.00253781,1.64831e-06,0.00253781,1.64831e-06,0.000735653,5.34135e-07,0.000735653,5.34135e-07,-4.13889e-06,1.58686e-09,7.73749e-07,3.09336e-10,-7.73749e-07,3.09336e-10,2.83135,10000000,1
0.55,0.187489,0.000145359,0.0824941,7.9764e-05,-0.00152886,1.07313e-06,-6.84304e-05,4.25613e-08,0.0111735,8.83479e-06,-0.0109945,8.99038e-06,0.0109945,8.99038e-06,0.00318705,2.80386e-06,0.00318705,2.80386e-06,-1.79308e-05,1.12523e-08,3.35209e-06,2.13758e-09,-3.35209e-06,2.13758e-09,0.0447094,2.22116e-05,0.00419127,2.49467e-06,0.00368826,3.05947e-06,-6.83543e-05,3.38939e-08,-1.52974e-06,5.7244e-10,0.00257912,1.5865e-06,-0.00253781,1.64831e-06,0.00253781,1.64831e-06,0.000735653,5.34135e-07,0.000735653,5.34135e-07,-4.13889e-06,1.58686e-09,7.73749e-07,3.09336e-10,-7.73749e-07,3.09336e-10,2.82693,10000000,1
0.6,0.187489,0.000145359,0.0824941,7.9764e-05,-0.00152886,1.07313e-06,-6.84304e-05,4.25613e-08,0.0114776,9.07527e-06,-0.0112938,9.23509e-06,0.0112938,9.23509e-06,0.0032738,2.88018e-06,0.0032738,2.88018e-06,-1.84189e-05,1.15586e-08,3.44334e-06,2.19576e-09,-3.44334e-06,2.19576e-09,0.0447094,2.22116e-05,0.00419127,2.49467e-06,0.00368826,3.05947e-06,-6.83543e-05,3.38939e-08,-1.52974e-06,5.7244e-10,0.00257912,1.5865e-06,-0.00253781,1.64831e-06,0.00253781,1.64831e-06,0.000735653,5.34135e-07,0.000735653,5.34135e-07,-4.13889e-06,1.58686e-09,7.73749e-07,3.09336e-10,-7.73749e-07,3.09336e-10,2.82654,10000000,1
0.65,0.187489,0.000145359,0.0824941,7.9764e-05,-0.00152886,1.07313e-06,-6.84304e-05,4.25613e-08,0.0115961,9.16896e-06,-0.0114104,9.33043e-06,0.0114104,9.33043e-06,0.0033076,2.90991e-06,0.0033076,2.90991e-06,-1.86091e-05,1.16779e-08,3.47889e-06,2.21843e-09,-3.47889e-06,2.21843e-09,0.0447094,2.22116e-05,0.00419127,2.49467e-06,0.00368826,3.05947e-06,-6.83543e-05,3.38939e-08,-1.52974e-06,5.7244e-10,0.00257912,1.5865e-06,-0.00253781,1.64831e-06,0.00253781,1.64831e-06,0.000735653,5.34135e-07,0.000735653,5.34135e-07,-4.13889e-06,1.58686e-09,7.73749e-07,3.09336e-10,-7.73749e-07,3.09336e-10,2.83217,10000000,1
0.7,0.187489,0.000145359,0.0824941,7.9764e-05,-0.00152886,1.07313e-06,-6.84304e-05,4.25613e-08,0.0114671,9.06696e-06,-0.0112834,9.22663e-06,0.0112834,9.22663e-06,0.0032708,2.87754e-06,0.0032708,2.87754e-06,-1.8402e-05,1.1548e-08,3.44018e-06,2.19375e-09,-3.44018e-06,2.19375e-09,0.0447094,2.22116e-05,0.00419127,2.49467e-06,0.00368826,3.05947e-06,-6.83543e-05,3.38939e-08,-1.52974e-06,5.7244e-10,0.00257912,1.5865e-06,-0.00253781,1.64831e-06,0.00253781,1.64831e-06,0.000735653,5.34135e-07,0.000735653,5.34135e-07,-4.13889e-06,1.58686e-09,7.73749e-07,3.09336e-10,-7.73749e-07,3.09336e-10,2.8257,10000000,1
0.75,0.187489,0.000145359,0.0824941,7.9764e-05,-0.00152886,1.07313e-06,-6.84304e-05,4.25613e-08,0.0110871,8.76651e-06,-0.0109095,8.92089e-06,0.0109095,8.92089e-06,0.00316242,2.78218e-06,0.00316242,2.78218e-06,-1.77923e-05,1.11654e-08,3.32619e-06,2.12106e-09,-3.32619e-06,2.12106e-09,0.0447094,2.22116e-05,0.00419127,2.49467e-06,0.00368826,3.05947e-06,-6.83543e-05,3.38939e-08,-1.52974e-06,5.7244e-10,0.00257912,1.5865e-06,-0.00253781,1.64831e-06,0.00253781,1.64831e-06,0.000735653,5.34135e-07,0.000735653,5.34135e-07,-4.13889e-06,1.58686e-09,7.73749e-07,3.09336e-10,-7.73749e-07,3.09336e-10,2.86176,10000000,1
0.8,0.187489,0.000145359,0.0824941,7.9764e-05,-0.00152886,1.07313e-06,-6.84304e-05,4.25613e-08,0.0105157,8.31468e-06,-0.0103472,8.46111e-06,0.0103472,8.46111e-06,0.00299943,2.63879e-06,0.00299943,2.63879e-06,-1.68752e-05,1.05899e-08,3.15475e-06,2.01174e-09,-3.15475e-06,2.01174e-09,0.0447094,2.22116e-05,0.00419127,2.49467e-06,0.00368826,3.05947e-06,-6.83543e-05,3.38939e-08,-1.52974e-06,5.7244e-10,0.00257912,1.5865e-06,-0.00253781,1.64831e-06,0.00253781,1.64831e-06,0.000735653,5.34135e-07,0.000735653,5.34135e-07,-4.13889e-06,1.58686e-09,7.73749e-07,3.09336e-10,-7.73749e-07,3.09336e-10,2.90108,10000000,1
